SNP	TAS	ch	SNP_pos	R2	log_p	P.value	maf
rs1126611553	rs1126618459	11	26611553	0.4	2.583250026	0.002610658	0.119205298
rs1126611699	rs1126618459	11	26611699	0.4	1.343498115	0.045342127	0.142384106
rs1126611816	rs1126618459	11	26611816	0.9	9.017326947	9.60889E-10	0.223509934
rs1126611844	rs1126618459	11	26611844	0.4	1.63620811	0.023109571	0.120860927
rs1126611903	rs1126618459	11	26611903	0.9	7.731008396	1.85777E-08	0.218543046
rs1126611907	rs1126618459	11	26611907	0.9	7.903842512	1.24784E-08	0.218543046
rs1126612068	rs1126618459	11	26612068	0.8	8.513712669	3.06399E-09	0.223509934
rs1126612074	rs1126618459	11	26612074	0.4	2.433012001	0.003689674	0.132450331
rs1126612379	rs1126618459	11	26612379	0.9	6.419942052	3.8024E-07	0.225165563
rs1126612607	rs1126618459	11	26612607	0.5	1.320860535	0.047768265	0.150662252
rs1126612697	rs1126618459	11	26612697	0.9	5.649016264	2.2438E-06	0.221854305
rs1126614549	rs1126618459	11	26614549	0.3	2.187581123	0.006492603	0.117549669
rs1126617245	rs1126618459	11	26617245	0.4	1.52353609	0.029954627	0.144039735
rs1126618105	rs1126618459	11	26618105	0.3	3.287461619	0.000515868	0.105960265
rs1126618459	rs1126618459	11	26618459	1	9.037731612	9.16787E-10	0.274834437
rs1126619416	rs1126618459	11	26619416	0.3	3.724712217	0.00018849	0.09602649
rs1126619617	rs1126618459	11	26619617	0.8	6.229573125	5.89423E-07	0.216887417
rs1126619742	rs1126618459	11	26619742	0.3	2.039613844	0.009128221	0.102649007
rs1126619750	rs1126618459	11	26619750	0.7	5.187965929	6.48685E-06	0.205298013
rs1126619787	rs1126618459	11	26619787	0.2	3.635893382	0.000231263	0.091059603
rs1126619867	rs1126618459	11	26619867	0.2	5.566834638	2.71122E-06	0.086092715
rs1126619893	rs1126618459	11	26619893	0.2	3.936014096	0.000115874	0.094370861
rs1126619897	rs1126618459	11	26619897	0.6	3.314681551	0.000484528	0.198675497
rs1126619915	rs1126618459	11	26619915	0.7	6.91167034	1.22555E-07	0.200331126
rs1126619998	rs1126618459	11	26619998	0.2	3.139154619	0.000725847	0.089403974
rs1126620169	rs1126618459	11	26620169	0.2	3.129865984	0.000741539	0.09602649
rs1126620244	rs1126618459	11	26620244	0.8	6.570085219	2.69101E-07	0.200331126
rs1126620291	rs1126618459	11	26620291	0.7	5.34708924	4.49687E-06	0.193708609
rs1126620304	rs1126618459	11	26620304	0.6	6.132781126	7.36578E-07	0.175496689
rs1126620630	rs1126618459	11	26620630	0.3	5.100075324	7.9419E-06	0.104304636
rs1126620764	rs1126618459	11	26620764	0.7	7.359271	4.37249E-08	0.19205298
rs1126620842	rs1126618459	11	26620842	0.3	3.498047296	0.000317653	0.09602649
rs1126620876	rs1126618459	11	26620876	0.3	3.403793421	0.000394645	0.099337748
rs1126620880	rs1126618459	11	26620880	0.6	6.792699184	1.61176E-07	0.17218543
rs1126620944	rs1126618459	11	26620944	0.2	2.532479377	0.002934409	0.089403974
rs1126621031	rs1126618459	11	26621031	0.6	7.26811851	5.39363E-08	0.17218543
rs1126621095	rs1126618459	11	26621095	0.9	7.638708694	2.29769E-08	0.216887417
rs1126621135	rs1126618459	11	26621135	0.2	2.234609529	0.005826268	0.087748344
rs1126621433	rs1126618459	11	26621433	0.3	3.315855991	0.000483219	0.102649007
rs1126621505	rs1126618459	11	26621505	0.5	4.875097631	1.33322E-05	0.157284768
rs1126621653	rs1126618459	11	26621653	0.3	3.377448043	0.000419326	0.097682119
rs1126621775	rs1126618459	11	26621775	0.3	3.284493534	0.000519405	0.102649007
rs1126621828	rs1126618459	11	26621828	0.2	2.47574933	0.00334388	0.081125828
rs1126621877	rs1126618459	11	26621877	0.7	5.256033252	5.54583E-06	0.188741722
rs1126621896	rs1126618459	11	26621896	0.8	5.356204341	4.40348E-06	0.213576159
rs1126621970	rs1126618459	11	26621970	0.3	0.593799893	0.254800401	0.104304636
rs1126622050	rs1126618459	11	26622050	0.7	3.604450702	0.000248628	0.182119205
rs1126622066	rs1126618459	11	26622066	0.8	5.290744246	5.11983E-06	0.215231788
rs1126622072	rs1126618459	11	26622072	0.5	4.101486441	7.91614E-05	0.158940397
rs1126622078	rs1126618459	11	26622078	0.3	3.34408044	0.000452814	0.097682119
rs1126622416	rs1126618459	11	26622416	0.9	5.175551188	6.67496E-06	0.221854305
rs1126622500	rs1126618459	11	26622500	0.6	6.207678143	6.199E-07	0.185430464
rs1126622625	rs1126618459	11	26622625	0.6	4.688003648	2.05114E-05	0.17384106
rs1126622752	rs1126618459	11	26622752	0.2	5.084920942	8.22392E-06	0.09602649
rs1126622800	rs1126618459	11	26622800	0.6	5.231759497	5.86463E-06	0.165562914
rs1126623744	rs1126618459	11	26623744	0.8	6.282422306	5.21888E-07	0.21192053
rs1126624084	rs1126618459	11	26624084	0.8	4.387629	4.0961E-05	0.215231788
rs1126624229	rs1126618459	11	26624229	0.3	0.327572689	0.470356675	0.468543046
rs1126624247	rs1126618459	11	26624247	0.9	3.952782365	0.000111485	0.248344371
rs1126624283	rs1126618459	11	26624283	0.9	5.865459762	1.36314E-06	0.25
rs1126624329	rs1126618459	11	26624329	0.2	1.467616115	0.034070922	0.129139073
rs1126624379	rs1126618459	11	26624379	0.9	2.387341741	0.004098814	0.258278146
rs1126624852	rs1126618459	11	26624852	0.6	5.337179587	4.60066E-06	0.197019868
rs1126624885	rs1126618459	11	26624885	0.2	1.058305425	0.087436864	0.102649007
rs1126624952	rs1126618459	11	26624952	0.8	3.624207409	0.000237571	0.233443709
rs1126625037	rs1126618459	11	26625037	0.2	1.590669292	0.025664376	0.100993377
rs1126625178	rs1126618459	11	26625178	0.7	5.693810836	2.0239E-06	0.201986755
rs1126625247	rs1126618459	11	26625247	0.6	4.244288312	5.69786E-05	0.182119205
rs1126625305	rs1126618459	11	26625305	0.2	1.271362124	0.053535009	0.082781457
rs1126625374	rs1126618459	11	26625374	0.2	1.203700542	0.062560391	0.082781457
rs1126625436	rs1126618459	11	26625436	0.7	5.011707434	9.73403E-06	0.200331126
rs1126625767	rs1126618459	11	26625767	0.6	4.478869724	3.31994E-05	0.180463576
rs1126625968	rs1126618459	11	26625968	0.2	1.070031614	0.085107608	0.082781457
rs1126626009	rs1126618459	11	26626009	0.6	6.566573813	2.71285E-07	0.178807947
rs1126626069	rs1126618459	11	26626069	0.2	1.290993548	0.051168944	0.07781457
rs1126626275	rs1126618459	11	26626275	0.8	5.846070852	1.42538E-06	0.208609272
rs1126626314	rs1126618459	11	26626314	0.8	4.672299895	2.12667E-05	0.21192053
rs1126626339	rs1126618459	11	26626339	0.3	2.202550431	0.006272629	0.084437086
rs1126626342	rs1126618459	11	26626342	0.6	4.487705117	3.25308E-05	0.183774834
rs1126626396	rs1126618459	11	26626396	0.2	0.862420895	0.137271097	0.07781457
rs1126626429	rs1126618459	11	26626429	0.2	1.031641296	0.092973398	0.081125828
rs1126626493	rs1126618459	11	26626493	0.6	5.063384384	8.64203E-06	0.178807947
rs1126626647	rs1126618459	11	26626647	0.2	1.575383947	0.026583738	0.092715232
rs1126626669	rs1126618459	11	26626669	0.7	6.699155831	1.99914E-07	0.200331126
rs1126626728	rs1126618459	11	26626728	0.3	1.481217285	0.033020429	0.099337748
rs1126626805	rs1126618459	11	26626805	0.7	5.983062581	1.03977E-06	0.223509934
rs1126626920	rs1126618459	11	26626920	0.8	7.151216362	7.05966E-08	0.21192053
rs1126627037	rs1126618459	11	26627037	0.8	5.978401239	1.05099E-06	0.216887417
rs1126627200	rs1126618459	11	26627200	0.8	6.520119266	3.01912E-07	0.235099338
rs1126627368	rs1126618459	11	26627368	0.2	1.518631031	0.030294861	0.132450331
rs1126627401	rs1126618459	11	26627401	0.7	4.63392023	2.32316E-05	0.216887417
rs1126627535	rs1126618459	11	26627535	0.7	4.411327905	3.87857E-05	0.201986755
rs1126627606	rs1126618459	11	26627606	0.2	0.742152391	0.181070462	0.102649007
rs1126627707	rs1126618459	11	26627707	0.9	5.732697752	1.85056E-06	0.245033113
rs1126627777	rs1126618459	11	26627777	0.7	4.301280081	4.99712E-05	0.221854305
rs1126627856	rs1126618459	11	26627856	0.2	0.010083177	0.977050076	0.142384106
rs1126627961	rs1126618459	11	26627961	0.8	5.089321375	8.14102E-06	0.231788079
rs1126627997	rs1126618459	11	26627997	0.9	3.21679421	0.000607024	0.235099338
rs1126628049	rs1126618459	11	26628049	0.2	1.266914611	0.054086065	0.099337748
rs1126628243	rs1126618459	11	26628243	0.8	4.247942086	5.65012E-05	0.235099338
rs1126628265	rs1126618459	11	26628265	0.3	2.294045923	0.005081057	0.129139073
rs1126628269	rs1126618459	11	26628269	0.8	4.021303747	9.5213E-05	0.226821192
rs1126628272	rs1126618459	11	26628272	0.2	0.452587439	0.352705768	0.091059603
rs1126628290	rs1126618459	11	26628290	0.2	0.749562727	0.178007079	0.100993377
rs1126628380	rs1126618459	11	26628380	0.2	0.986856463	0.103072673	0.09602649
rs1126628412	rs1126618459	11	26628412	0.6	3.334578643	0.00046283	0.213576159
rs1126628445	rs1126618459	11	26628445	0.2	1.222528857	0.059906113	0.092715232
rs1126628493	rs1126618459	11	26628493	0.2	0.587854455	0.258312573	0.092715232
rs1126628573	rs1126618459	11	26628573	0.9	3.117121133	0.000763623	0.231788079
rs1126628708	rs1126618459	11	26628708	0.2	2.605721887	0.002479009	0.100993377
rs1126628812	rs1126618459	11	26628812	0.8	3.595219911	0.000253969	0.226821192
rs1126628863	rs1126618459	11	26628863	0.3	1.367422438	0.042911882	0.104304636
rs1126628873	rs1126618459	11	26628873	0.8	2.84540587	0.001427559	0.220198675
rs1126628874	rs1126618459	11	26628874	0.8	2.356453933	0.004400946	0.221854305
rs1126628895	rs1126618459	11	26628895	0.8	4.033229502	9.2634E-05	0.231788079
rs1126629013	rs1126618459	11	26629013	0.9	6.323448048	4.74845E-07	0.248344371
rs1126629031	rs1126618459	11	26629031	0.9	5.105873259	7.83658E-06	0.245033113
rs1126629032	rs1126618459	11	26629032	0.9	5.2650185	5.43227E-06	0.241721854
rs1126629123	rs1126618459	11	26629123	0.3	0.809316534	0.155125597	0.125827815
rs1126629321	rs1126618459	11	26629321	0.3	1.565549812	0.027192566	0.149006623
rs1126630576	rs1126618459	11	26630576	0.6	4.232052401	5.86067E-05	0.195364238
rs1126631295	rs1126618459	11	26631295	0.6	2.388984045	0.004083344	0.180463576
rs1126631301	rs1126618459	11	26631301	0.6	2.230875622	0.005876576	0.175496689
rs1126631409	rs1126618459	11	26631409	0.6	1.531050658	0.029440782	0.180463576
rs1126631441	rs1126618459	11	26631441	0.8	3.506957091	0.000311202	0.233443709
rs1126632084	rs1126618459	11	26632084	0.6	1.279627358	0.052525796	0.178807947
rs1126632325	rs1126618459	11	26632325	0.3	0.162221526	0.688301117	0.110927152
rs1126632361	rs1126618459	11	26632361	0.2	1.60174617	0.025018072	0.145695364
rs1126633787	rs1126618459	11	26633787	0.2	3.356423726	0.000440125	0.129139073
rs1126633821	rs1126618459	11	26633821	0.3	4.870082867	1.34871E-05	0.144039735
rs1126634334	rs1126618459	11	26634334	0.5	0.580801902	0.262541582	0.152317881
rs1126634558	rs1126618459	11	26634558	0.5	2.247363869	0.005657651	0.160596026
rs1126635284	rs1126618459	11	26635284	0.6	3.304528177	0.000495989	0.163907285
rs1126636266	rs1126618459	11	26636266	0.3	2.187437993	0.006494744	0.099337748
rs1126636276	rs1126618459	11	26636276	0	0.448418158	0.356108092	0.097682119
rs1126636700	rs1126618459	11	26636700	0.3	2.81211881	0.001541279	0.084437086
rs1126639060	rs1126618459	11	26639060	0.7	3.480130811	0.000331031	0.203642384
rs1126639100	rs1126618459	11	26639100	0.4	2.501903103	0.003148451	0.127483444
rs1126639103	rs1126618459	11	26639103	0.6	0.749986998	0.177833265	0.178807947
rs1126639120	rs1126618459	11	26639120	0.7	3.884961288	0.000130328	0.200331126
rs1126639576	rs1126618459	11	26639576	0.2	0.310615014	0.489085723	0.13410596
rs1126639659	rs1126618459	11	26639659	0.3	0.679549425	0.209146487	0.13410596
rs1126639682	rs1126618459	11	26639682	0.8	3.987124679	0.000103009	0.231788079
rs1126639703	rs1126618459	11	26639703	0.7	1.982737095	0.010405499	0.208609272
rs1126639770	rs1126618459	11	26639770	0.2	0.106202052	0.783065243	0.104304636
rs1126640046	rs1126618459	11	26640046	0.8	2.504086687	0.00313266	0.213576159
rs1126640551	rs1126618459	11	26640551	0.9	6.995942271	1.00939E-07	0.220198675
rs1126642383	rs1126618459	11	26642383	0.8	6.085377666	8.21528E-07	0.213576159
rs1126642412	rs1126618459	11	26642412	0.6	2.105293266	0.007847056	0.163907285
rs1126642634	rs1126618459	11	26642634	0.7	4.81745299	1.52246E-05	0.187086093
rs1126644085	rs1126618459	11	26644085	0.8	8.06867237	8.53744E-09	0.228476821
rs1126645503	rs1126618459	11	26645503	0.5	4.06340815	8.64155E-05	0.167218543
rs1126645629	rs1126618459	11	26645629	0.5	3.042351562	0.000907086	0.147350993
rs1126645737	rs1126618459	11	26645737	0.3	1.274070488	0.05320219	0.100993377
rs1126645993	rs1126618459	11	26645993	0.3	0.637315129	0.230507399	0.155629139
rs1126646046	rs1126618459	11	26646046	0.4	3.915321378	0.000121529	0.193708609
rs1126646509	rs1126618459	11	26646509	0.4	1.31754045	0.048134842	0.167218543
rs1126647756	rs1126618459	11	26647756	0.9	7.061925292	8.67111E-08	0.235099338
rs1126647969	rs1126618459	11	26647969	0.9	6.62763374	2.35704E-07	0.245033113
rs1126648058	rs1126618459	11	26648058	0.2	0.977028583	0.10543175	0.109271523
rs1126648128	rs1126618459	11	26648128	0.2	1.296219998	0.050556849	0.102649007
rs1126648142	rs1126618459	11	26648142	0.2	0.870842318	0.134634909	0.11589404
rs1126648162	rs1126618459	11	26648162	0.2	2.46137153	0.003456436	0.082781457
rs1126648199	rs1126618459	11	26648199	0.8	5.638477298	2.29891E-06	0.21192053
rs1126648232	rs1126618459	11	26648232	0.7	4.361942093	4.34568E-05	0.208609272
rs1126648238	rs1126618459	11	26648238	0.4	0.702856613	0.198218136	0.127483444
rs1126648243	rs1126618459	11	26648243	0.2	2.038794634	0.009145456	0.086092715
rs1126648245	rs1126618459	11	26648245	0.2	2.315754636	0.004833318	0.084437086
rs1126648250	rs1126618459	11	26648250	0.1	0.104114352	0.786838584	0.086092715
rs1126648282	rs1126618459	11	26648282	0.2	0.03895878	0.914200006	0.094370861
rs1126648285	rs1126618459	11	26648285	0.2	0.137148481	0.729208158	0.09602649
rs1126648353	rs1126618459	11	26648353	0.3	0.093049892	0.807142299	0.117549669
rs1126648354	rs1126618459	11	26648354	0.2	3.721432283	0.000189919	0.086092715
rs1126648469	rs1126618459	11	26648469	0.9	7.934664207	1.16235E-08	0.256622517
rs1126648474	rs1126618459	11	26648474	0.2	2.237253542	0.005790905	0.109271523
rs1126648806	rs1126618459	11	26648806	1	8.282548707	5.21737E-09	0.268211921
rs1126650827	rs1126618459	11	26650827	0.9	7.151921821	7.0482E-08	0.245033113
rs1126652272	rs1126618459	11	26652272	0.7	1.423921415	0.037677197	0.206953642
rs1126652348	rs1126618459	11	26652348	0.8	2.074997786	0.008413994	0.205298013
rs1126652367	rs1126618459	11	26652367	0.3	0.813475847	0.153647024	0.09602649
rs1126652400	rs1126618459	11	26652400	0.4	0.198715729	0.632825937	0.139072848
rs1126652406	rs1126618459	11	26652406	0.9	7.683827253	2.07096E-08	0.23013245
rs1126652471	rs1126618459	11	26652471	0.2	0.56493283	0.272312244	0.07615894
rs1126652562	rs1126618459	11	26652562	0.2	0.719149899	0.190919418	0.087748344
rs1126653028	rs1126618459	11	26653028	0.2	0.236242424	0.580440324	0.071192053
rs1126653396	rs1126618459	11	26653396	0.9	8.343922595	4.52978E-09	0.238410596
rs1126653825	rs1126618459	11	26653825	0.9	7.308502913	4.9147E-08	0.220198675
rs1126653858	rs1126618459	11	26653858	0.9	8.198777163	6.32736E-09	0.225165563
rs1126654458	rs1126618459	11	26654458	0.6	0.246647908	0.566698538	0.205298013
rs1126655314	rs1126618459	11	26655314	0.9	5.177157861	6.65031E-06	0.245033113
rs1126655423	rs1126618459	11	26655423	0.3	0.97114362	0.10687014	0.104304636
rs1126655479	rs1126618459	11	26655479	0.9	7.502959145	3.1408E-08	0.228476821
rs1126655487	rs1126618459	11	26655487	0.9	7.096162928	8.01377E-08	0.228476821
rs1126655717	rs1126618459	11	26655717	0.4	0.924272705	0.119049423	0.149006623
rs1126655841	rs1126618459	11	26655841	0.3	4.314946878	4.84232E-05	0.125827815
rs1126655898	rs1126618459	11	26655898	0.2	0.294610994	0.507445033	0.079470199
rs1126656330	rs1126618459	11	26656330	0.9	5.392640219	4.04911E-06	0.258278146
rs1126657264	rs1126618459	11	26657264	0.2	3.66872737	0.000214424	0.087748344
rs1126657267	rs1126618459	11	26657267	0.2	3.66872737	0.000214424	0.087748344
rs1126657290	rs1126618459	11	26657290	0.8	7.451206722	3.53829E-08	0.208609272
rs1126657510	rs1126618459	11	26657510	0.2	4.023972589	9.46297E-05	0.125827815
rs1126657551	rs1126618459	11	26657551	0.3	1.273480395	0.053274527	0.122516556
rs1126658105	rs1126618459	11	26658105	0.9	8.002588115	9.94058E-09	0.221854305
rs1126658885	rs1126618459	11	26658885	0.2	2.095090665	0.008033584	0.05794702
rs1126659229	rs1126618459	11	26659229	0.4	2.207252428	0.006205083	0.127483444
rs1126660025	rs1126618459	11	26660025	0.2	0.986419647	0.103176396	0.056291391
rs1126660140	rs1126618459	11	26660140	0.2	2.090268109	0.008123289	0.069536424
rs1126660144	rs1126618459	11	26660144	0.5	2.317087427	0.004818508	0.145695364
rs1126660360	rs1126618459	11	26660360	0.1	0.552149957	0.280446512	0.319536424
rs1126662216	rs1126618459	11	26662216	0.7	3.026723359	0.000940322	0.188741722
rs1126662720	rs1126618459	11	26662720	0.6	4.111184149	7.74133E-05	0.193708609
rs1126662895	rs1126618459	11	26662895	0.7	3.742316532	0.000181002	0.195364238
rs1126663132	rs1126618459	11	26663132	0.2	0.186194672	0.651336368	0.069536424
rs1126663803	rs1126618459	11	26663803	0.2	0.140460237	0.723668657	0.071192053
rs1126664376	rs1126618459	11	26664376	0.7	3.52478282	0.000298688	0.188741722
rs1126664406	rs1126618459	11	26664406	0.9	6.619988162	2.3989E-07	0.225165563
rs1126665469	rs1126618459	11	26665469	0.8	5.602681522	2.49642E-06	0.208609272
rs1126665559	rs1126618459	11	26665559	0.2	0.167006389	0.680759343	0.072847682
rs1126667093	rs1126618459	11	26667093	0.2	2.383034648	0.004139666	0.07781457
rs1126667408	rs1126618459	11	26667408	0.5	5.46106346	3.45889E-06	0.149006623
rs1126667622	rs1126618459	11	26667622	0.5	1.516776139	0.030424529	0.195364238
rs1126668876	rs1126618459	11	26668876	0.2	0.483912781	0.328161191	0.091059603
rs1126669314	rs1126618459	11	26669314	0.9	3.681988315	0.000207975	0.271523179
rs1126670532	rs1126618459	11	26670532	0.3	3.584625398	0.00026024	0.125827815
rs1126670538	rs1126618459	11	26670538	0.3	3.480147429	0.000331019	0.122516556
rs1126670553	rs1126618459	11	26670553	0.2	0.531565584	0.294058959	0.07781457
rs1126670643	rs1126618459	11	26670643	0	0.046978999	0.897472191	0.059602649
rs1126670764	rs1126618459	11	26670764	0.2	0.655681047	0.220962692	0.079470199
rs1126670790	rs1126618459	11	26670790	0.2	0.791712296	0.161542836	0.067880795
rs1126670878	rs1126618459	11	26670878	0.2	0.64254154	0.227750039	0.079470199
rs1126671001	rs1126618459	11	26671001	0.4	5.012636181	9.71323E-06	0.11589404
rs1126671107	rs1126618459	11	26671107	0.4	4.604020945	2.48874E-05	0.11589404
rs1126671237	rs1126618459	11	26671237	0.3	4.292375015	5.10064E-05	0.117549669
rs1126671341	rs1126618459	11	26671341	0.3	3.982519936	0.000104107	0.119205298
rs1126671386	rs1126618459	11	26671386	0.7	2.464620911	0.003430671	0.195364238
