SNP	TAS	ch	SNP_pos	R2	log_p	P.value
PZE0561537719	PZE0561610418	5	64041124	0	0.92788814	0.118062469
PZE0561538730	PZE0561610418	5	64042135	0	0.391504396	0.405971554
PZE0561543965	PZE0561610418	5	64047369	0	0.773663103	0.168397987
PZE0561544036	PZE0561610418	5	64047440	0	1.600186496	0.02510808
PZE0561546407	PZE0561610418	5	64049811	0	0.296823845	0.504866036
PZE0561547913	PZE0561610418	5	64051316	0	0.424492887	0.376276515
PZE0561550829	PZE0561610418	5	64054232	0	0.010316234	0.9765259
PZE0561557445	PZE0561610418	5	64060846	0	1.375512908	0.042119877
PZE0561559998	PZE0561610418	5	64063399	0	0.459635403	0.347028063
PZE0561561440	PZE0561610418	5	64064841	0.5	4.972233851	1.06602E-05
PZE0561561477	PZE0561610418	5	64064878	0.8	4.951504767	1.11814E-05
PZE0561561481	PZE0561610418	5	64064882	0.8	5.958301415	1.10078E-06
PZE0561561482	PZE0561610418	5	64064883	0.8	5.958301415	1.10078E-06
PZE0561561493	PZE0561610418	5	64064894	0.7	6.194197954	6.39443E-07
PZE0561561497	PZE0561610418	5	64064898	0.7	5.679887819	2.08984E-06
PZE0561561526	PZE0561610418	5	64064927	0.2	3.226671657	0.000593374
PZE0561561561	PZE0561610418	5	64064962	0.8	5.902753337	1.25097E-06
PZE0561561568	PZE0561610418	5	64064969	0.7	5.936920647	1.15632E-06
PZE0561561610	PZE0561610418	5	64065011	0.1	0.444986739	0.358932895
PZE0561561628	PZE0561610418	5	64065029	0.6	3.918974045	0.000120511
PZE0561561654	PZE0561610418	5	64065055	0.3	0.72158574	0.189851599
PZE0561561676	PZE0561610418	5	64065077	0.4	1.117732979	0.076254771
PZE0561561711	PZE0561610418	5	64065112	0.7	5.580536282	2.62702E-06
PZE0561561760	PZE0561610418	5	64065161	0.7	6.413005079	3.86362E-07
PZE0561561767	PZE0561610418	5	64065168	0.7	5.21775868	6.05677E-06
PZE0561561769	PZE0561610418	5	64065170	0.3	1.169330476	0.067712605
PZE0561561795	PZE0561610418	5	64065196	0.8	5.883304364	1.30826E-06
PZE0561561847	PZE0561610418	5	64065248	0.8	5.992585768	1.01722E-06
PZE0561561858	PZE0561610418	5	64065259	0.9	6.012078265	9.72572E-07
PZE0561561867	PZE0561610418	5	64065268	0.4	1.345987437	0.045082975
PZE0561561898	PZE0561610418	5	64065299	0.2	3.614614475	0.000242877
PZE0561561899	PZE0561610418	5	64065300	0.3	4.060557906	8.69845E-05
PZE0561561913	PZE0561610418	5	64065314	0.6	3.676746673	0.000210501
PZE0561561916	PZE0561610418	5	64065317	0.3	1.422666498	0.037786225
PZE0561561926	PZE0561610418	5	64065327	0.7	3.976872855	0.00010547
PZE0561561934	PZE0561610418	5	64065335	0.7	4.228305549	5.91146E-05
PZE0561561948	PZE0561610418	5	64065349	0.7	4.908192619	1.2354E-05
PZE0561561995	PZE0561610418	5	64065396	0.7	4.614020154	2.43209E-05
PZE0561562036	PZE0561610418	5	64065437	0.7	4.930974543	1.17226E-05
PZE0561562037	PZE0561610418	5	64065438	0.4	2.300318822	0.005008194
PZE0561562051	PZE0561610418	5	64065452	0.5	4.022686319	9.49104E-05
PZE0561562058	PZE0561610418	5	64065459	0.7	6.303809355	4.9681E-07
PZE0561562066	PZE0561610418	5	64065467	0.5	4.601511179	2.50316E-05
PZE0561562094	PZE0561610418	5	64065495	0.4	3.29342745	0.00050883
PZE0561562095	PZE0561610418	5	64065496	0.2	2.425837136	0.003751136
PZE0561562106	PZE0561610418	5	64065507	0.5	4.577612158	2.64477E-05
PZE0561562107	PZE0561610418	5	64065508	0.6	5.381676969	4.15263E-06
PZE0561562109	PZE0561610418	5	64065510	0.4	3.876862319	0.000132782
PZE0561562140	PZE0561610418	5	64065541	0.7	5.295502499	5.06404E-06
PZE0561562166	PZE0561610418	5	64065567	0.7	4.975012936	1.05922E-05
PZE0561562175	PZE0561610418	5	64065576	0.3	1.274850734	0.053106694
PZE0561562178	PZE0561610418	5	64065579	0.6	4.389932006	4.07444E-05
PZE0561562187	PZE0561610418	5	64065588	0.8	5.558158528	2.76593E-06
PZE0561562201	PZE0561610418	5	64065602	0.6	5.584341161	2.60411E-06
PZE0561562204	PZE0561610418	5	64065605	0.5	4.329588148	4.68179E-05
PZE0561562218	PZE0561610418	5	64065619	0.7	4.485987998	3.26597E-05
PZE0561562222	PZE0561610418	5	64065623	0.7	4.261771039	5.47304E-05
PZE0561562232	PZE0561610418	5	64065633	0.7	5.235028411	5.82065E-06
PZE0561562248	PZE0561610418	5	64065649	0.7	5.008633827	9.80316E-06
PZE0561562266	PZE0561610418	5	64065667	0	0.282445792	0.521860237
PZE0561562321	PZE0561610418	5	64065722	0.7	5.056193865	8.7863E-06
PZE0561562422	PZE0561610418	5	64065823	0.3	1.838308113	0.014510818
PZE0561562438	PZE0561610418	5	64065839	0.6	3.756336379	0.000175252
PZE0561562450	PZE0561610418	5	64065851	0.6	3.845879561	0.0001426
PZE0561562471	PZE0561610418	5	64065872	0	0.340631536	0.45642399
PZE0561562487	PZE0561610418	5	64065888	0.3	2.553472082	0.00279594
PZE0561562523	PZE0561610418	5	64065924	0.1	1.081677824	0.082855659
PZE0561562524	PZE0561610418	5	64065925	0.6	3.537097967	0.000290337
PZE0561562545	PZE0561610418	5	64065946	0.5	2.95802347	0.00110148
PZE0561562546	PZE0561610418	5	64065947	0.6	3.351792813	0.000444843
PZE0561562562	PZE0561610418	5	64065963	0.5	3.070237251	0.000850673
PZE0561562576	PZE0561610418	5	64065977	0.6	3.935249621	0.000116078
PZE0561562581	PZE0561610418	5	64065982	0.3	1.122787656	0.0753724
PZE0561562584	PZE0561610418	5	64065985	0.4	3.735235134	0.000183978
PZE0561562625	PZE0561610418	5	64066026	0.7	4.162947948	6.87151E-05
PZE0561562686	PZE0561610418	5	64066087	0.6	2.742943637	0.001807409
PZE0561562784	PZE0561610418	5	64066185	0.5	1.862166477	0.013735154
PZE0561562796	PZE0561610418	5	64066197	0.8	5.673730505	2.11968E-06
PZE0561562805	PZE0561610418	5	64066206	0.8	5.757978294	1.74591E-06
PZE0561562815	PZE0561610418	5	64066216	0.5	3.250827172	0.000561271
PZE0561562828	PZE0561610418	5	64066229	0.3	1.329738346	0.046801703
PZE0561562840	PZE0561610418	5	64066241	0.6	3.781144334	0.000165522
PZE0561562867	PZE0561610418	5	64066268	0.7	5.349214084	4.47493E-06
PZE0561562920	PZE0561610418	5	64066321	0.7	5.504197259	3.13186E-06
PZE0561562941	PZE0561610418	5	64066342	0.3	1.500066158	0.03161796
PZE0561562942	PZE0561610418	5	64066343	0.2	1.126671429	0.074701371
PZE0561562945	PZE0561610418	5	64066346	0	0.192100672	0.642538755
PZE0561562946	PZE0561610418	5	64066347	0.5	2.717256877	0.001917534
PZE0561562954	PZE0561610418	5	64066355	0.2	1.27495497	0.053093949
PZE0561562985	PZE0561610418	5	64066386	0.1	1.475471976	0.033460161
PZE0561563052	PZE0561610418	5	64066453	0.7	4.369197814	4.27368E-05
PZE0561563134	PZE0561610418	5	64066535	0.6	3.979935812	0.000104728
PZE0561563135	PZE0561610418	5	64066536	0.2	1.672084805	0.021277235
PZE0561563166	PZE0561610418	5	64066567	0	0.468227195	0.340230156
PZE0561563168	PZE0561610418	5	64066569	0	0.468227195	0.340230156
PZE0561563173	PZE0561610418	5	64066574	0.4	1.609323997	0.024585328
PZE0561563198	PZE0561610418	5	64066599	0	0.416361085	0.383388353
PZE0561563204	PZE0561610418	5	64066605	0	0.299366207	0.501919182
PZE0561563207	PZE0561610418	5	64066608	0.1	0.733485993	0.184720037
PZE0561563210	PZE0561610418	5	64066611	0.1	0.427380962	0.373782563
PZE0561563212	PZE0561610418	5	64066613	0.7	4.460961127	3.4597E-05
PZE0561563220	PZE0561610418	5	64066621	0.2	1.421234702	0.037911005
PZE0561563248	PZE0561610418	5	64066649	0.2	0.804737834	0.156769714
PZE0561563267	PZE0561610418	5	64066668	0	0.480607754	0.330668059
PZE0561563292	PZE0561610418	5	64066693	0.1	0.429710936	0.371782603
PZE0561563305	PZE0561610418	5	64066706	0.8	6.685853028	2.06133E-07
PZE0561563309	PZE0561610418	5	64066710	0.8	5.965045665	1.08381E-06
PZE0561563399	PZE0561610418	5	64066800	0.4	1.399579989	0.039849237
PZE0561563439	PZE0561610418	5	64066840	0.5	2.199791544	0.006312603
PZE0561563640	PZE0561610418	5	64067061	0.3	1.912515345	0.012231639
PZE0561563652	PZE0561610418	5	64067073	0.5	5.385593408	4.11535E-06
PZE0561563664	PZE0561610418	5	64067085	0.4	2.725427271	0.001881797
PZE0561563734	PZE0561610418	5	64067155	0.3	1.677863853	0.02099598
PZE0561563742	PZE0561610418	5	64067163	0.4	2.871389311	0.001344654
PZE0561563751	PZE0561610418	5	64067172	0.4	2.65583175	0.00220886
PZE0561563760	PZE0561610418	5	64067181	0.7	4.829946484	1.47929E-05
PZE0561563765	PZE0561610418	5	64067186	0.7	4.862894057	1.37122E-05
PZE0561563813	PZE0561610418	5	64067234	0.4	4.84818511	1.41845E-05
PZE0561563923	PZE0561610418	5	64067344	0.3	3.004721776	0.000989187
PZE0561563936	PZE0561610418	5	64067357	0.3	1.729338701	0.018649247
PZE0561563941	PZE0561610418	5	64067362	0.3	1.648331425	0.022473389
PZE0561563980	PZE0561610418	5	64067401	0.8	6.263807759	5.44744E-07
PZE0561564002	PZE0561610418	5	64067423	0	0.465796151	0.342139998
PZE0561564040	PZE0561610418	5	64067461	0.1	0.956289603	0.110588609
PZE0561564052	PZE0561610418	5	64067473	0.3	2.003237289	0.009925736
PZE0561564061	PZE0561610418	5	64067482	0.3	2.714871962	0.001928093
PZE0561564067	PZE0561610418	5	64067488	0.2	1.715651405	0.01924636
PZE0561564069	PZE0561610418	5	64067490	0.2	3.385705056	0.000411429
PZE0561564145	PZE0561610418	5	64067566	0.2	3.865189746	0.000136399
PZE0561564410	PZE0561610418	5	64067831	0.6	6.881597865	1.31342E-07
PZE0561564416	PZE0561610418	5	64067837	0.7	7.124825186	7.50196E-08
PZE0561564458	PZE0561610418	5	64067879	0.8	4.622338335	2.38595E-05
PZE0561564462	PZE0561610418	5	64067883	0.1	0.45500963	0.350744096
PZE0561564482	PZE0561610418	5	64067903	0.8	5.256966423	5.53393E-06
PZE0561564500	PZE0561610418	5	64067921	0.1	0.518967834	0.302713762
PZE0561564520	PZE0561610418	5	64067941	0.1	0.638271838	0.230000173
PZE0561564522	PZE0561610418	5	64067943	0.8	5.403921917	3.94528E-06
PZE0561564578	PZE0561610418	5	64067999	0.7	4.398860282	3.99153E-05
PZE0561564607	PZE0561610418	5	64068028	0	0.501252912	0.315316783
PZE0561564612	PZE0561610418	5	64068033	0.4	3.394540783	0.000403143
PZE0561565032	PZE0561610418	5	64068453	0.3	0.361475152	0.43503565
PZE0561565359	PZE0561610418	5	64068778	0.5	3.724671357	0.000188508
PZE0561565392	PZE0561610418	5	64068811	0.8	5.576399373	2.65217E-06
PZE0561565413	PZE0561610418	5	64068832	0	2.019945567	0.009551123
PZE0561565469	PZE0561610418	5	64068888	0	0.005798661	0.98673683
PZE0561565534	PZE0561610418	5	64068953	0.5	1.758302269	0.017446075
PZE0561565729	PZE0561610418	5	64069148	0.6	3.548158785	0.000283036
PZE0561565734	PZE0561610418	5	64069153	0.4	1.622150066	0.023869863
PZE0561565786	PZE0561610418	5	64069205	0.4	2.901062865	0.001255848
PZE0561565987	PZE0561610418	5	64069406	0.5	3.230582527	0.000588054
PZE0561566135	PZE0561610418	5	64069554	0.9	6.606434235	2.47495E-07
PZE0561566290	PZE0561610418	5	64069709	0.8	6.154009742	7.0144E-07
PZE0561566685	PZE0561610418	5	64070104	0.3	6.008070984	9.81587E-07
PZE0561568598	PZE0561610418	5	64072017	0.2	5.180271395	6.60281E-06
PZE0561568864	PZE0561610418	5	64072283	0.8	5.205225461	6.23411E-06
PZE0561568941	PZE0561610418	5	64072360	0.3	1.966283032	0.010807294
PZE0561568956	PZE0561610418	5	64072375	0.7	3.336619713	0.00046066
PZE0561568991	PZE0561610418	5	64072410	0.7	2.856980324	0.001390016
PZE0561569160	PZE0561610418	5	64072579	0.8	3.604569478	0.00024856
PZE0561569237	PZE0561610418	5	64072656	0.2	0.346447541	0.450352376
PZE0561569292	PZE0561610418	5	64072711	0.3	1.977774886	0.010525073
PZE0561569312	PZE0561610418	5	64072731	0.9	3.930601558	0.000117327
PZE0561569731	PZE0561610418	5	64073150	0.8	3.888672977	0.000129219
PZE0561569791	PZE0561610418	5	64073210	0.5	1.946794768	0.011303299
PZE0561569958	PZE0561610418	5	64073377	0.3	0.901964023	0.125324499
PZE0561570371	PZE0561610418	5	64073790	0	0.091816162	0.809438465
PZE0561570472	PZE0561610418	5	64073891	0.3	0.964578454	0.108497953
PZE0561570500	PZE0561610418	5	64073919	0.6	2.336157496	0.004611503
PZE0561570511	PZE0561610418	5	64073930	0.5	1.951009489	0.011194134
PZE0561570513	PZE0561610418	5	64073932	0.3	0.614971631	0.242676861
PZE0561570533	PZE0561610418	5	64073952	0.2	0.445121455	0.358821572
PZE0561570553	PZE0561610418	5	64073972	0.3	0.508873166	0.309832402
PZE0561570559	PZE0561610418	5	64073978	0.3	0.211369939	0.614653079
PZE0561570580	PZE0561610418	5	64073999	0.7	2.831300562	0.001474686
PZE0561570587	PZE0561610418	5	64074006	0.3	1.126756182	0.074686794
PZE0561570588	PZE0561610418	5	64074007	0.3	1.214885356	0.060969782
PZE0561570647	PZE0561610418	5	64074066	0.3	1.499719045	0.031643241
PZE0561570733	PZE0561610418	5	64074152	0.3	1.142870851	0.071966296
PZE0561570765	PZE0561610418	5	64074184	0.2	0.962606783	0.108991648
PZE0561570790	PZE0561610418	5	64074209	0.3	1.121887964	0.075528705
PZE0561570794	PZE0561610418	5	64074213	0.7	2.943664929	0.001138505
PZE0561571196	PZE0561610418	5	64074615	0.2	1.49441288	0.032032226
PZE0561571209	PZE0561610418	5	64074628	0.3	2.168379077	0.00678611
PZE0561571759	PZE0561610418	5	64075178	0.3	1.648181987	0.022481124
PZE0561572220	PZE0561610418	5	64075639	0.3	1.724740265	0.01884776
PZE0561572340	PZE0561610418	5	64075759	0.3	1.145914699	0.071463668
PZE0561572511	PZE0561610418	5	64075930	0.8	5.934201535	1.16359E-06
PZE0561573140	PZE0561610418	5	64076559	0.9	5.64652427	2.25671E-06
PZE0561573216	PZE0561610418	5	64076635	0.9	5.29664222	5.05077E-06
PZE0561573232	PZE0561610418	5	64076651	0.3	1.297061365	0.050458999
PZE0561573273	PZE0561610418	5	64076692	0.3	0.900664965	0.12569993
PZE0561573526	PZE0561610418	5	64076945	0.4	1.464816288	0.034291281
PZE0561574236	PZE0561610418	5	64077655	0.3	1.687136463	0.020552447
PZE0561574827	PZE0561610418	5	64078246	0.9	5.351455873	4.45189E-06
PZE0561575913	PZE0561610418	5	64079332	0.2	1.887440922	0.01295863
PZE0561576629	PZE0561610418	5	64080048	0.2	1.681910617	0.020801248
PZE0561603826	PZE0561610418	5	64081769	0.7	4.754949324	1.75813E-05
PZE0561603895	PZE0561610418	5	64081838	0.1	0.285659908	0.518012324
PZE0561604397	PZE0561610418	5	64082340	0.3	0.898003614	0.126472582
PZE0561605086	PZE0561610418	5	64083029	0.3	2.005987342	0.009863082
PZE0561605246	PZE0561610418	5	64083189	0.8	7.191763164	6.43038E-08
PZE0561605923	PZE0561610418	5	64083866	0	0.144004992	0.717786041
PZE0561606210	PZE0561610418	5	64084153	0.2	1.554616369	0.027885834
PZE0561606559	PZE0561610418	5	64084502	0.3	1.17479152	0.066866483
PZE0561606576	PZE0561610418	5	64084519	0.9	4.987856014	1.02836E-05
PZE0561606670	PZE0561610418	5	64084613	0.7	3.500495486	0.000315867
PZE0561606892	PZE0561610418	5	64084835	1	7.484735452	3.2754E-08
PZE0561606990	PZE0561610418	5	64084933	0.3	0.599596337	0.251422223
PZE0561607016	PZE0561610418	5	64084959	0.6	2.775721899	0.001676016
PZE0561607038	PZE0561610418	5	64084981	0.8	3.779883514	0.000166003
PZE0561607219	PZE0561610418	5	64085162	0.4	3.189332916	0.000646647
PZE0561607278	PZE0561610418	5	64085221	0.9	5.01022669	9.76727E-06
PZE0561607306	PZE0561610418	5	64085249	0.2	0.707280873	0.196209092
PZE0561607486	PZE0561610418	5	64085429	0.3	1.513492987	0.030655402
PZE0561607524	PZE0561610418	5	64085467	0.4	1.470340393	0.033857868
PZE0561607566	PZE0561610418	5	64085509	0.3	1.974870049	0.010595707
PZE0561607853	PZE0561610418	5	64085796	0.3	1.183659501	0.065514963
PZE0561608030	PZE0561610418	5	64085973	0.3	2.688256015	0.002049953
PZE0561608631	PZE0561610418	5	64086574	0.6	4.601447443	2.50353E-05
PZE0561608784	PZE0561610418	5	64086727	0.9	4.302008272	4.98875E-05
PZE0561609045	PZE0561610418	5	64086988	0.3	1.452008505	0.035317625
PZE0561609264	PZE0561610418	5	64087207	0.2	1.750335399	0.017769066
PZE0561609265	PZE0561610418	5	64087208	0.2	1.750335399	0.017769066
PZE0561609544	PZE0561610418	5	64087487	0.2	4.267843894	5.39705E-05
PZE0561609986	PZE0561610418	5	64087929	0.1	0.332763251	0.464768567
PZE0561609987	PZE0561610418	5	64087930	0.4	3.052282229	0.00088658
PZE0561610008	PZE0561610418	5	64087951	0.6	3.493093649	0.000321297
PZE0561610046	PZE0561610418	5	64087989	0.5	3.564874429	0.000272349
PZE0561610232	PZE0561610418	5	64088175	0.8	5.215000522	6.09536E-06
PZE0561610398	PZE0561610418	5	64088341	0.8	4.646249709	2.25814E-05
PZE0561610418	PZE0561610418	5	64088361	1	8.633788617	2.32387E-09
PZE0561610452	PZE0561610418	5	64088395	0.3	1.593292967	0.025509799
PZE0561610496	PZE0561610418	5	64088439	0.5	4.675509387	2.11101E-05
PZE0561577773	PZE0561610418	5	64089352	0.2	0.57194987	0.26794776
PZE0561577812	PZE0561610418	5	64089391	0.2	0.511916427	0.307668882
PZE0561577857	PZE0561610418	5	64089436	0.3	1.708523879	0.019564832
PZE0561577865	PZE0561610418	5	64089444	0.2	0.673640997	0.212011297
PZE0561577932	PZE0561610418	5	64089511	0	0.149025436	0.709536211
PZE0561578005	PZE0561610418	5	64089584	0	0.207739135	0.619813263
PZE0561578119	PZE0561610418	5	64089698	0.3	1.136944766	0.072955029
PZE0561578237	PZE0561610418	5	64089816	0.3	2.263987147	0.005445188
PZE0561578244	PZE0561610418	5	64089823	0.2	2.206593992	0.006214497
PZE0561578369	PZE0561610418	5	64089948	0.6	5.180447308	6.60013E-06
PZE0561578545	PZE0561610418	5	64090124	0.8	6.052186939	8.86774E-07
PZE0561578561	PZE0561610418	5	64090140	0	0.075557225	0.840316275
PZE0561578608	PZE0561610418	5	64090187	0.6	5.032474546	9.27952E-06
PZE0561578630	PZE0561610418	5	64090209	0.3	3.747616084	0.000178807
PZE0561578631	PZE0561610418	5	64090210	0.6	5.550524179	2.81498E-06
PZE0561578660	PZE0561610418	5	64090239	0.3	2.080371693	0.008310522
PZE0561578680	PZE0561610418	5	64090259	0.3	2.249637404	0.00562811
PZE0561578727	PZE0561610418	5	64090306	0.3	2.281628407	0.005228434
PZE0561578952	PZE0561610418	5	64090531	0.4	3.542817613	0.000286538
PZE0561578967	PZE0561610418	5	64090546	0.3	3.921410015	0.000119837
PZE0561578990	PZE0561610418	5	64090569	0.3	1.913803616	0.012195409
PZE0561579028	PZE0561610418	5	64090607	0.2	1.952270246	0.011161685
PZE0561579186	PZE0561610418	5	64090765	0.4	2.4307807	0.003708679
PZE0561579199	PZE0561610418	5	64090778	0.7	6.303915385	4.96689E-07
PZE0561579208	PZE0561610418	5	64090787	0.2	2.992427534	0.001017589
PZE0561579227	PZE0561610418	5	64090806	0.6	5.924971872	1.18858E-06
PZE0561579350	PZE0561610418	5	64090929	0.3	1.53542819	0.02914552
PZE0561579409	PZE0561610418	5	64090988	0.7	4.965242239	1.08332E-05
PZE0561579450	PZE0561610418	5	64091029	0.4	2.538921227	0.002891204
PZE0561579603	PZE0561610418	5	64091182	0.3	2.111007781	0.007744479
PZE0561579617	PZE0561610418	5	64091196	0	0.222208009	0.59950387
PZE0561579775	PZE0561610418	5	64091354	0.7	6.386875773	4.10321E-07
PZE0561579865	PZE0561610418	5	64091444	0.2	2.737736126	0.001829211
PZE0561579933	PZE0561610418	5	64091512	0	0.0231845	0.948015634
PZE0561580004	PZE0561610418	5	64091583	0.2	1.442812976	0.036073396
PZE0561580226	PZE0561610418	5	64091805	0.3	2.546211156	0.002843078
PZE0561580350	PZE0561610418	5	64091929	0.3	3.224564126	0.00059626
PZE0561580456	PZE0561610418	5	64092035	0	0.211891715	0.613915056
PZE0561580568	PZE0561610418	5	64092147	0.4	2.672155992	0.002127375
PZE0561580602	PZE0561610418	5	64092181	0.3	2.156750697	0.006970265
PZE0561580657	PZE0561610418	5	64092236	0.3	2.537801687	0.002898667
PZE0561580784	PZE0561610418	5	64092363	0.3	2.922604721	0.001195075
PZE0561580935	PZE0561610418	5	64092514	0.2	2.227895835	0.005917035
PZE0561580976	PZE0561610418	5	64092555	0	0.140096449	0.724275094
PZE0561581006	PZE0561610418	5	64092585	0	0.009148561	0.979154985
PZE0561581048	PZE0561610418	5	64092627	0.2	2.666561944	0.002154954
PZE0561581525	PZE0561610418	5	64093104	0.3	2.214884517	0.00609699
PZE0561581567	PZE0561610418	5	64093146	0.3	2.427009051	0.003741028
PZE0561581721	PZE0561610418	5	64093300	0.5	3.805993706	0.000156317
PZE0561581735	PZE0561610418	5	64093314	0.4	2.509995447	0.003090328
PZE0561581746	PZE0561610418	5	64093325	0.5	5.941625736	1.14386E-06
PZE0561581775	PZE0561610418	5	64093354	0.2	2.44113913	0.00362127
PZE0561582028	PZE0561610418	5	64093607	0.3	2.55918628	0.002759394
PZE0561582060	PZE0561610418	5	64093639	0.2	1.853854601	0.01400056
PZE0561582127	PZE0561610418	5	64093706	0	0.276371707	0.529210306
PZE0561582304	PZE0561610418	5	64093883	0.2	2.489756063	0.003237755
PZE0561582438	PZE0561610418	5	64094017	0.6	4.645420046	2.26246E-05
PZE0561582455	PZE0561610418	5	64094034	0.3	3.551645719	0.000280772
PZE0561582546	PZE0561610418	5	64094125	0.4	4.193512436	6.40453E-05
PZE0561582582	PZE0561610418	5	64094161	0.3	2.067956176	0.00855153
PZE0561582643	PZE0561610418	5	64094222	0.5	4.398506471	3.99479E-05
PZE0561582663	PZE0561610418	5	64094242	0.3	3.497357634	0.000318158
PZE0561583738	PZE0561610418	5	64095317	0.2	0.942729379	0.114096053
PZE0561584011	PZE0561610418	5	64095590	0	0.370795245	0.425799116
PZE0561584275	PZE0561610418	5	64095854	0	0.66670162	0.21542613
PZE0561584442	PZE0561610418	5	64096021	0.2	1.233678407	0.05838773
PZE0561584677	PZE0561610418	5	64096256	0	0.346646672	0.45014593
PZE0561584924	PZE0561610418	5	64096503	0.2	4.503501286	3.13689E-05
PZE0561585001	PZE0561610418	5	64096580	0.4	3.123387004	0.000752685
PZE0561585027	PZE0561610418	5	64096606	0.3	3.827100179	0.000148902
PZE0561585034	PZE0561610418	5	64096613	0	0.094802577	0.803891474
PZE0561585088	PZE0561610418	5	64096667	0.3	1.781346373	0.016544499
PZE0561585118	PZE0561610418	5	64096697	0.4	2.948172375	0.00112675
PZE0561585345	PZE0561610418	5	64096924	0.7	5.701143477	1.99002E-06
PZE0561585626	PZE0561610418	5	64097205	0.3	3.659713269	0.000218921
PZE0561585838	PZE0561610418	5	64097417	0.4	6.266033291	5.41959E-07
PZE0561585876	PZE0561610418	5	64097455	0.4	4.477778473	3.32829E-05
PZE0561585925	PZE0561610418	5	64097504	0.3	3.254066972	0.0005571
PZE0561585932	PZE0561610418	5	64097511	0.3	4.247291832	5.65859E-05
PZE0561586117	PZE0561610418	5	64097696	0.3	2.910976698	0.001227505
PZE0561586172	PZE0561610418	5	64097751	0.3	3.290609371	0.000512142
PZE0561586198	PZE0561610418	5	64097777	0.2	3.677265917	0.000210249
PZE0561586609	PZE0561610418	5	64098188	0	1.007734215	0.098234895
PZE0561586615	PZE0561610418	5	64098194	0.3	3.285666588	0.000518004
PZE0561586668	PZE0561610418	5	64098247	0.3	3.545402709	0.000284838
PZE0561586669	PZE0561610418	5	64098248	0.3	3.545402709	0.000284838
PZE0561587144	PZE0561610418	5	64098723	0.2	2.700128847	0.00199467
PZE0561587150	PZE0561610418	5	64098729	0.3	2.490853911	0.00322958
PZE0561587195	PZE0561610418	5	64098774	0	0.076846823	0.837824733
PZE0561587203	PZE0561610418	5	64098782	0.3	2.375720317	0.004209977
PZE0561587353	PZE0561610418	5	64098932	0.1	0.634148703	0.232194162
PZE0561587360	PZE0561610418	5	64098939	0.6	3.550265628	0.000281666
PZE0561587397	PZE0561610418	5	64098976	0.6	3.45937207	0.000347239
PZE0561587398	PZE0561610418	5	64098977	0.5	2.446495455	0.003576881
PZE0561587621	PZE0561610418	5	64099200	0.7	7.236298231	5.80366E-08
PZE0561587656	PZE0561610418	5	64099235	0.3	3.528525131	0.000296125
PZE0561587658	PZE0561610418	5	64099237	0	0.037311038	0.91767513
PZE0561587746	PZE0561610418	5	64099325	0.1	1.254453679	0.0556604
PZE0561587805	PZE0561610418	5	64099384	0.8	4.564050827	2.72866E-05
PZE0561588052	PZE0561610418	5	64099631	0	0.281985987	0.522413045
PZE0561588822	PZE0561610418	5	64100400	0	0.618127571	0.240919764
PZE0561589001	PZE0561610418	5	64100579	0	0.32324589	0.475066175
PZE0561589109	PZE0561610418	5	64100687	0.6	2.828597064	0.001483894
PZE0561589111	PZE0561610418	5	64100689	0	0.548193641	0.283012983
PZE0561589128	PZE0561610418	5	64100706	0.5	2.106261413	0.007829582
PZE0561589145	PZE0561610418	5	64100723	0.2	1.749217273	0.017814873
PZE0561589191	PZE0561610418	5	64100769	0.2	1.385564818	0.041156192
PZE0561589237	PZE0561610418	5	64100815	0.4	1.772744177	0.016875468
PZE0561589291	PZE0561610418	5	64100869	0.3	1.241201966	0.057384953
PZE0561589331	PZE0561610418	5	64100909	0	0.396098119	0.401700045
PZE0561612338	PZE0561610418	5	64117968	0	2.180189926	0.006604046
