Motif	GC110_Count	GC110_Frequency	GL130_Count	GL130_Frequency	GD240_Count	GD240_Frequency	GS62_Count	GS62_Frequency
CA_A.A	66	0.00797	2757	0.0206	51433	0.0189	87540	0.01651
CA_A.C	31	0.00375	455	0.0034	11049	0.00406	15520	0.00293
CA_A.G	9	0.00109	208	0.00155	3932	0.00144	6872	0.0013
CA_A.T	96	0.0116	1317	0.00984	31767	0.01167	49612	0.00935
CA_C.A	39	0.00471	847	0.00633	17046	0.00626	27321	0.00515
CA_C.C	18	0.00217	141	0.00105	4134	0.00152	7198	0.00136
CA_C.G	9	0.00109	57	0.00043	1700	0.00062	2896	0.00055
CA_C.T	55	0.00664	931	0.00696	21774	0.008	31443	0.00593
CA_G.A	22	0.00266	1442	0.01078	28071	0.01032	39083	0.00737
CA_G.C	10	0.00121	149	0.00111	2824	0.00104	5603	0.00106
CA_G.G	3	0.00036	97	0.00072	2403	0.00088	2303	0.00043
CA_G.T	15	0.00181	451	0.00337	12669	0.00466	16422	0.0031
CA_T.A	108	0.01305	2369	0.0177	49214	0.01808	86654	0.01634
CA_T.C	46	0.00556	525	0.00392	9373	0.00344	13935	0.00263
CA_T.G	12	0.00145	153	0.00114	3323	0.00122	5700	0.00107
CA_T.T	125	0.0151	3483	0.02603	62610	0.02301	98349	0.01854
CG_A.A	68	0.00822	913	0.00682	18295	0.00672	35389	0.00667
CG_A.C	20	0.00242	260	0.00194	6710	0.00247	9729	0.00183
CG_A.G	18	0.00217	128	0.00096	2655	0.00098	4497	0.00085
CG_A.T	23	0.00278	806	0.00602	15002	0.00551	25602	0.00483
CG_C.A	17	0.00205	347	0.00259	7457	0.00274	11226	0.00212
CG_C.C	0	0	188	0.00141	2763	0.00102	3496	0.00066
CG_C.G	0	0	67	0.0005	1334	0.00049	1820	0.00034
CG_C.T	26	0.00314	327	0.00244	7928	0.00291	10169	0.00192
CG_G.A	26	0.00314	425	0.00318	7163	0.00263	9762	0.00184
CG_G.C	22	0.00266	105	0.00078	3346	0.00123	3881	0.00073
CG_G.G	5	0.0006	55	0.00041	1098	0.0004	1575	0.0003
CG_G.T	32	0.00387	282	0.00211	6980	0.00256	9173	0.00173
CG_T.A	65	0.00785	1081	0.00808	20728	0.00762	39571	0.00746
CG_T.C	18	0.00217	294	0.0022	5708	0.0021	9133	0.00172
CG_T.G	24	0.0029	208	0.00155	3908	0.00144	6332	0.00119
CG_T.T	67	0.00809	884	0.00661	17516	0.00644	36383	0.00686
CT_A.A	480	0.05799	6978	0.05215	148250	0.05448	247413	0.04665
CT_A.C	195	0.02356	2640	0.01973	58665	0.02156	93422	0.01762
CT_A.G	221	0.0267	2527	0.01889	48335	0.01776	66917	0.01262
CT_A.T	324	0.03914	4610	0.03445	89824	0.03301	165600	0.03123
CT_C.A	174	0.02102	3401	0.02542	64906	0.02385	86558	0.01632
CT_C.C	76	0.00918	1427	0.01066	25358	0.00932	35936	0.00678
CT_C.G	108	0.01305	1389	0.01038	30319	0.01114	34632	0.00653
CT_C.T	179	0.02163	2470	0.01846	48329	0.01776	72697	0.01371
CT_G.A	165	0.01993	2825	0.02111	53211	0.01955	83854	0.01581
CT_G.C	163	0.01969	1899	0.01419	36594	0.01345	54169	0.01021
CT_G.G	56	0.00677	1004	0.0075	23084	0.00848	26886	0.00507
CT_G.T	251	0.03032	3306	0.02471	61270	0.02252	96101	0.01812
CT_T.A	433	0.05231	6946	0.05191	142771	0.05246	238508	0.04497
CT_T.C	263	0.03177	3237	0.02419	64767	0.0238	105688	0.01993
CT_T.G	145	0.01752	3016	0.02254	57672	0.02119	75037	0.01415
CT_T.T	372	0.04494	6174	0.04614	126475	0.04648	211642	0.03991
TA_A.A	112	0.01353	1814	0.01356	38777	0.01425	87035	0.01641
TA_A.C	23	0.00278	556	0.00416	9574	0.00352	20676	0.0039
TA_A.G	70	0.00846	1033	0.00772	20854	0.00766	44622	0.00841
TA_A.T	151	0.01824	2307	0.01724	66038	0.02427	133088	0.0251
TA_C.A	33	0.00399	882	0.00659	15913	0.00585	33309	0.00628
TA_C.C	28	0.00338	313	0.00234	6649	0.00244	12726	0.0024
TA_C.G	21	0.00254	428	0.0032	12519	0.0046	19518	0.00368
TA_C.T	70	0.00846	1375	0.01028	24270	0.00892	45972	0.00867
TA_G.A	56	0.00677	546	0.00408	10329	0.0038	18125	0.00342
TA_G.C	5	0.0006	179	0.00134	2583	0.00095	4807	0.00091
TA_G.G	10	0.00121	421	0.00315	10069	0.0037	15192	0.00286
TA_G.T	37	0.00447	614	0.00459	13334	0.0049	24195	0.00456
TA_T.A	126	0.01522	1631	0.01219	49667	0.01825	91673	0.01729
TA_T.C	7	0.00085	489	0.00365	9806	0.0036	17939	0.00338
TA_T.G	43	0.0052	1291	0.00965	25826	0.00949	47234	0.00891
TA_T.T	200	0.02416	2867	0.02143	67636	0.02485	116225	0.02192
TC_A.A	232	0.02803	4382	0.03275	78492	0.02884	226443	0.0427
TC_A.C	67	0.00809	1163	0.00869	23777	0.00874	72891	0.01374
TC_A.G	167	0.02018	2503	0.01871	47305	0.01738	112081	0.02113
TC_A.T	163	0.01969	3518	0.02629	67545	0.02482	208311	0.03928
TC_C.A	54	0.00652	1061	0.00793	18016	0.00662	55722	0.01051
TC_C.C	25	0.00302	553	0.00413	10750	0.00395	28821	0.00543
TC_C.G	44	0.00532	733	0.00548	14263	0.00524	30618	0.00577
TC_C.T	34	0.00411	1181	0.00883	24564	0.00903	65624	0.01237
TC_G.A	82	0.00991	1365	0.0102	32285	0.01186	67313	0.01269
TC_G.C	58	0.00701	1253	0.00936	21570	0.00793	45632	0.0086
TC_G.G	82	0.00991	933	0.00697	20526	0.00754	41445	0.00781
TC_G.T	176	0.02126	2511	0.01877	50282	0.01848	117117	0.02208
TC_T.A	204	0.02465	2719	0.02032	58242	0.0214	198001	0.03734
TC_T.C	55	0.00664	1418	0.0106	30330	0.01115	89665	0.01691
TC_T.G	92	0.01112	1890	0.01412	33339	0.01225	93630	0.01766
TC_T.T	275	0.03322	3514	0.02626	68539	0.02519	206800	0.03899
TG_A.A	78	0.00942	933	0.00697	18502	0.0068	69954	0.01319
TG_A.C	25	0.00302	311	0.00232	6914	0.00254	15010	0.00283
TG_A.G	77	0.0093	808	0.00604	13115	0.00482	30351	0.00572
TG_A.T	118	0.01426	1369	0.01023	26687	0.00981	62004	0.01169
TG_C.A	11	0.00133	265	0.00198	6055	0.00223	10940	0.00206
TG_C.C	11	0.00133	156	0.00117	3624	0.00133	5295	0.001
TG_C.G	4	0.00048	259	0.00194	5098	0.00187	9184	0.00173
TG_C.T	18	0.00217	530	0.00396	12890	0.00474	20629	0.00389
TG_G.A	18	0.00217	288	0.00215	4865	0.00179	11238	0.00212
TG_G.C	0	0	98	0.00073	2635	0.00097	3458	0.00065
TG_G.G	11	0.00133	374	0.0028	9608	0.00353	11828	0.00223
TG_G.T	53	0.0064	467	0.00349	10523	0.00387	17329	0.00327
TG_T.A	82	0.00991	1280	0.00957	21674	0.00796	73898	0.01393
TG_T.C	51	0.00616	486	0.00363	9721	0.00357	27856	0.00525
TG_T.G	52	0.00628	965	0.00721	18308	0.00673	35906	0.00677
TG_T.T	166	0.02006	2173	0.01624	45639	0.01677	96719	0.01824