Region_categ	Category	Strain	CT_T.G	CT_C.G	CT_T.C	GA_C.A	GA_C.G	GA_G.A	Total_count
peri	GS	1	700	308	549	499	227	530	57855
peri	GS	2	255	122	223	178	94	219	22970
peri	GS	3	295	127	216	196	89	219	23622
peri	GS	4	247	116	237	200	103	225	23011
peri	GS	5	285	111	229	211	91	233	25199
peri	GS	6	345	154	291	224	117	314	33475
peri	GS	7	107	55	98	100	27	91	12062
peri	GS	8	731	322	549	538	243	546	59153
peri	GS	9	125	63	89	76	38	108	11367
peri	GS	10	306	134	255	203	129	240	25841
peri	GS	11	211	72	143	114	50	137	16004
peri	GS	12	293	128	277	223	108	249	25935
peri	GS	13	494	222	400	312	156	399	39848
peri	GS	14	661	298	491	466	207	515	55061
peri	GS	15	148	57	129	94	54	128	14410
peri	GS	16	156	69	138	97	52	132	14775
peri	GS	17	189	91	156	121	64	143	15986
peri	GS	18	175	99	177	153	63	169	17523
peri	GS	19	512	233	415	334	172	427	42112
peri	GS	20	664	294	489	456	216	503	54652
peri	GS	21	376	188	330	300	146	297	33207
peri	GS	22	471	212	368	333	154	363	40075
peri	GS	23	309	151	289	226	110	248	26839
peri	GS	24	139	58	113	115	54	124	12622
peri	GS	25	284	116	234	224	96	234	25329
peri	GS	26	693	307	517	498	214	536	57152
peri	GS	27	628	297	491	475	246	504	51273
peri	GS	28	444	193	311	296	155	337	35341
peri	GS	29	303	149	284	224	103	239	26696
peri	GS	30	628	295	499	469	240	508	51096
peri	GS	31	52	25	48	30	16	35	4224
peri	GS	32	400	159	334	293	147	378	36889
peri	GS	33	691	308	561	491	242	541	58886
peri	GS	34	471	210	457	366	167	412	42216
peri	GS	35	88	37	82	57	15	73	8029
peri	GS	36	176	85	138	128	76	159	17284
peri	GS	37	297	150	213	209	122	227	23325
peri	GS	38	309	151	274	253	128	285	31313
peri	GS	39	165	74	177	129	57	142	17734
peri	GS	40	331	152	281	239	125	272	29530
peri	GS	41	676	281	520	496	217	478	55628
peri	GS	42	626	298	496	473	236	500	51195
peri	GS	43	305	151	276	246	106	271	30384
peri	GS	44	532	240	425	412	189	454	49202
peri	GS	45	112	63	91	70	52	96	11250
peri	GS	46	491	222	452	366	177	363	41134
peri	GS	47	248	106	193	170	92	225	22843
peri	GS	48	278	128	228	194	98	224	24051
peri	GS	49	485	202	403	367	172	406	41449
peri	GS	50	556	245	423	411	164	444	47860
peri	GS	51	465	216	381	356	174	403	40506
peri	GS	52	473	213	429	350	184	384	41099
peri	GS	53	428	200	343	325	144	357	39744
peri	GS	54	479	210	442	360	173	358	40409
peri	GS	55	663	284	476	451	197	489	53344
peri	GS	56	251	122	234	199	73	213	24230
peri	GS	57	648	294	484	449	213	499	53673
peri	GS	58	281	120	261	221	128	269	27763
peri	GS	59	522	232	409	329	172	418	41663
peri	GS	60	409	197	393	345	156	403	38232
peri	GS	61	467	205	419	375	193	402	41485
peri	GS	62	400	150	338	279	126	317	36188
nonperi	GS	1	364	166	725	309	157	637	66757
nonperi	GS	2	233	113	473	255	92	477	47409
nonperi	GS	3	230	107	469	194	103	453	43527
nonperi	GS	4	212	114	446	205	87	460	41617
nonperi	GS	5	241	114	481	242	117	470	46503
nonperi	GS	6	281	111	587	284	129	555	56407
nonperi	GS	7	97	39	173	79	53	172	19212
nonperi	GS	8	337	177	720	333	164	627	65080
nonperi	GS	9	100	67	177	73	49	200	18662
nonperi	GS	10	207	118	512	213	100	512	46316
nonperi	GS	11	137	64	282	131	64	281	28411
nonperi	GS	12	226	102	498	248	116	486	48147
nonperi	GS	13	400	178	735	386	181	753	71794
nonperi	GS	14	348	181	688	306	161	630	64845
nonperi	GS	15	137	51	267	146	65	267	27945
nonperi	GS	16	103	48	236	115	60	226	24251
nonperi	GS	17	157	86	333	154	80	334	31912
nonperi	GS	18	132	70	314	133	76	277	28981
nonperi	GS	19	418	189	775	403	189	791	75468
nonperi	GS	20	324	159	644	284	155	591	61873
nonperi	GS	21	312	140	645	327	147	696	62736
nonperi	GS	22	333	128	680	333	152	625	63291
nonperi	GS	23	271	149	583	261	129	555	52680
nonperi	GS	24	106	51	179	120	42	191	18824
nonperi	GS	25	191	99	441	198	93	459	44194
nonperi	GS	26	374	169	728	351	160	669	68206
nonperi	GS	27	478	222	912	501	197	905	85945
nonperi	GS	28	315	129	590	298	133	558	51654
nonperi	GS	29	271	144	582	256	128	541	52331
nonperi	GS	30	488	223	919	495	198	905	86163
nonperi	GS	31	30	21	107	35	15	74	9520
nonperi	GS	32	335	154	643	332	116	596	62200
nonperi	GS	33	343	154	680	337	152	577	62062
nonperi	GS	34	374	145	746	387	154	731	71583
nonperi	GS	35	58	27	105	59	23	107	13187
nonperi	GS	36	153	65	353	159	89	343	33281
nonperi	GS	37	225	107	431	222	99	440	40956
nonperi	GS	38	307	119	591	280	136	611	55612
nonperi	GS	39	141	59	294	140	54	277	28442
nonperi	GS	40	279	115	505	270	109	511	50165
nonperi	GS	41	348	168	693	345	142	593	63045
nonperi	GS	42	491	219	922	496	198	901	86635
nonperi	GS	43	265	117	514	272	127	547	53487
nonperi	GS	44	323	158	618	323	147	582	60896
nonperi	GS	45	86	48	203	97	52	196	19966
nonperi	GS	46	423	179	829	445	172	819	78237
nonperi	GS	47	197	95	429	190	84	464	40145
nonperi	GS	48	223	114	489	227	110	488	47695
nonperi	GS	49	333	149	670	325	153	647	63502
nonperi	GS	50	257	111	478	217	111	461	45844
nonperi	GS	51	349	148	652	370	142	636	64097
nonperi	GS	52	381	140	726	357	185	719	71601
nonperi	GS	53	210	90	361	176	92	315	35104
nonperi	GS	54	414	180	817	436	173	803	76994
nonperi	GS	55	344	150	691	312	154	594	64109
nonperi	GS	56	234	117	430	205	102	483	44849
nonperi	GS	57	369	160	742	308	157	626	65594
nonperi	GS	58	325	112	622	285	118	647	58970
nonperi	GS	59	413	190	774	399	186	786	74808
nonperi	GS	60	267	127	539	258	125	527	51057
nonperi	GS	61	396	174	737	398	183	748	72772
nonperi	GS	62	307	143	639	275	142	630	59742
genic	GS	1	127	105	213	133	76	166	21652
genic	GS	2	84	59	127	88	48	134	14389
genic	GS	3	72	62	138	68	58	113	13047
genic	GS	4	66	55	132	79	41	124	12388
genic	GS	5	73	61	131	80	57	136	13803
genic	GS	6	92	67	180	106	61	146	16724
genic	GS	7	25	20	40	26	23	32	4574
genic	GS	8	137	106	196	140	89	160	21130
genic	GS	9	28	38	46	33	30	62	5598
genic	GS	10	76	58	140	65	61	140	14186
genic	GS	11	47	35	53	35	31	74	7614
genic	GS	12	70	46	136	89	58	117	13569
genic	GS	13	150	107	186	142	69	196	21712
genic	GS	14	126	95	192	126	85	177	20861
genic	GS	15	39	32	63	45	29	72	7314
genic	GS	16	31	29	51	43	24	52	6609
genic	GS	17	58	49	85	44	36	94	9764
genic	GS	18	38	40	90	48	30	69	8438
genic	GS	19	154	112	193	150	76	209	22753
genic	GS	20	127	94	180	116	84	156	20297
genic	GS	21	93	72	158	121	68	174	18594
genic	GS	22	109	79	181	120	78	192	18870
genic	GS	23	95	75	142	85	66	154	15552
genic	GS	24	47	28	51	30	17	55	5591
genic	GS	25	66	43	106	70	47	122	12906
genic	GS	26	145	99	212	142	88	174	22410
genic	GS	27	179	127	249	173	102	247	27025
genic	GS	28	120	89	187	109	72	178	18180
genic	GS	29	95	72	140	84	62	147	15391
genic	GS	30	179	129	251	173	101	255	27070
genic	GS	31	12	12	23	12	8	16	2563
genic	GS	32	118	74	159	110	59	155	17997
genic	GS	33	142	97	200	144	85	169	21288
genic	GS	34	133	74	185	129	86	197	21178
genic	GS	35	13	5	24	19	13	26	3012
genic	GS	36	42	37	84	62	39	96	8950
genic	GS	37	86	59	124	79	50	127	12508
genic	GS	38	103	69	154	90	64	158	16680
genic	GS	39	43	31	61	47	27	70	7577
genic	GS	40	85	63	135	82	55	127	14244
genic	GS	41	117	91	210	162	82	169	20989
genic	GS	42	179	129	254	172	100	252	27098
genic	GS	43	95	57	135	89	59	148	15511
genic	GS	44	116	74	186	121	81	150	19713
genic	GS	45	31	23	50	21	25	33	5176
genic	GS	46	151	97	216	157	78	218	23216
genic	GS	47	62	51	117	62	44	124	11584
genic	GS	48	62	62	116	76	51	136	13660
genic	GS	49	110	74	183	123	75	159	19204
genic	GS	50	108	62	149	98	60	122	15388
genic	GS	51	101	80	176	122	74	165	19223
genic	GS	52	124	82	194	130	89	192	21222
genic	GS	53	78	50	111	76	53	93	11974
genic	GS	54	149	96	209	154	79	215	22981
genic	GS	55	146	92	204	129	74	154	20720
genic	GS	56	77	63	113	73	55	138	13394
genic	GS	57	131	82	197	139	86	164	20976
genic	GS	58	85	58	166	103	52	164	16616
genic	GS	59	155	113	196	148	76	205	22634
genic	GS	60	100	79	161	107	63	146	16770
genic	GS	61	140	97	198	140	100	201	22456
genic	GS	62	97	80	187	102	71	161	17948
nongenic	GS	1	937	369	1061	675	308	1001	102960
nongenic	GS	2	404	176	569	345	138	562	55990
nongenic	GS	3	453	172	547	322	134	559	54102
nongenic	GS	4	393	175	551	326	149	561	52240
nongenic	GS	5	453	164	579	373	151	567	57899
nongenic	GS	6	534	198	698	402	185	723	73158
nongenic	GS	7	179	74	231	153	57	231	26700
nongenic	GS	8	931	393	1073	731	318	1013	103103
nongenic	GS	9	197	92	220	116	57	246	24431
nongenic	GS	10	437	194	627	351	168	612	57971
nongenic	GS	11	301	101	372	210	83	344	36801
nongenic	GS	12	449	184	639	382	166	618	60513
nongenic	GS	13	744	293	949	556	268	956	89930
nongenic	GS	14	883	384	987	646	283	968	99045
nongenic	GS	15	246	76	333	195	90	323	35041
nongenic	GS	16	228	88	323	169	88	306	32417
nongenic	GS	17	288	128	404	231	108	383	38134
nongenic	GS	18	269	129	401	238	109	377	38066
nongenic	GS	19	776	310	997	587	285	1009	94827
nongenic	GS	20	861	359	953	624	287	938	96228
nongenic	GS	21	595	256	817	506	225	819	77349
nongenic	GS	22	695	261	867	546	228	796	84496
nongenic	GS	23	485	225	730	402	173	649	63967
nongenic	GS	24	198	81	241	205	79	260	25855
nongenic	GS	25	409	172	569	352	142	571	56617
nongenic	GS	26	922	377	1033	707	286	1031	102948
nongenic	GS	27	927	392	1154	803	341	1162	110193
nongenic	GS	28	639	233	714	485	216	717	68815
nongenic	GS	29	479	221	726	396	169	633	63636
nongenic	GS	30	937	389	1167	791	337	1158	110189
nongenic	GS	31	70	34	132	53	23	93	11181
nongenic	GS	32	617	239	818	515	204	819	81092
nongenic	GS	33	892	365	1041	684	309	949	99660
nongenic	GS	34	712	281	1018	624	235	946	92621
nongenic	GS	35	133	59	163	97	25	154	18204
nongenic	GS	36	287	113	407	225	126	406	41615
nongenic	GS	37	436	198	520	352	171	540	51773
nongenic	GS	38	513	201	711	443	200	738	70245
nongenic	GS	39	263	102	410	222	84	349	38599
nongenic	GS	40	525	204	651	427	179	656	65451
nongenic	GS	41	907	358	1003	679	277	902	97684
nongenic	GS	42	938	388	1164	797	334	1149	110732
nongenic	GS	43	475	211	655	429	174	670	68360
nongenic	GS	44	739	324	857	614	255	886	90385
nongenic	GS	45	167	88	244	146	79	259	26040
nongenic	GS	46	763	304	1065	654	271	964	96155
nongenic	GS	47	383	150	505	298	132	565	51404
nongenic	GS	48	439	180	601	345	157	576	58086
nongenic	GS	49	708	277	890	569	250	894	85747
nongenic	GS	50	705	294	752	530	215	783	78316
nongenic	GS	51	713	284	857	604	242	874	85380
nongenic	GS	52	730	271	961	577	280	911	91478
nongenic	GS	53	560	240	593	425	183	579	62874
nongenic	GS	54	744	294	1050	642	267	946	94422
nongenic	GS	55	861	342	963	634	277	929	96733
nongenic	GS	56	408	176	551	331	120	558	55685
nongenic	GS	57	886	372	1029	618	284	961	98291
nongenic	GS	58	521	174	717	403	194	752	70117
nongenic	GS	59	780	309	987	580	282	999	93837
nongenic	GS	60	576	245	771	496	218	784	72519
nongenic	GS	61	723	282	958	633	276	949	91801
nongenic	GS	62	610	213	790	452	197	786	77982
genic_peri	GS	1	37	31	61	38	15	31	5176
genic_peri	GS	2	17	15	18	14	10	20	2222
genic_peri	GS	3	12	12	18	15	9	18	2213
genic_peri	GS	4	11	10	30	22	7	18	2172
genic_peri	GS	5	13	10	22	17	7	24	2300
genic_peri	GS	6	26	17	39	21	12	25	3082
genic_peri	GS	7	5	4	6	3	3	7	931
genic_peri	GS	8	51	32	62	38	15	37	5089
genic_peri	GS	9	2	6	9	5	2	9	983
genic_peri	GS	10	19	13	25	16	13	20	2469
genic_peri	GS	11	11	6	12	10	5	13	1432
genic_peri	GS	12	13	12	24	13	13	22	2478
genic_peri	GS	13	32	26	36	24	10	32	3743
genic_peri	GS	14	36	25	48	34	15	31	4791
genic_peri	GS	15	9	8	8	6	6	12	1214
genic_peri	GS	16	7	9	10	4	2	13	1251
genic_peri	GS	17	12	11	14	6	2	13	1609
genic_peri	GS	18	7	11	16	12	5	17	1698
genic_peri	GS	19	34	27	38	26	11	36	3930
genic_peri	GS	20	40	20	47	26	18	35	4805
genic_peri	GS	21	17	17	27	23	14	26	2985
genic_peri	GS	22	21	24	40	22	13	39	3422
genic_peri	GS	23	18	9	16	13	9	20	2526
genic_peri	GS	24	12	6	12	4	3	12	1049
genic_peri	GS	25	14	12	23	16	15	19	2480
genic_peri	GS	26	48	27	54	38	16	33	5245
genic_peri	GS	27	39	33	41	24	25	38	4654
genic_peri	GS	28	23	23	24	18	12	39	3226
genic_peri	GS	29	18	9	18	13	6	18	2503
genic_peri	GS	30	37	34	41	24	23	41	4657
genic_peri	GS	31	5	3	3	1	1	2	362
genic_peri	GS	32	24	17	32	15	10	31	3329
genic_peri	GS	33	45	24	54	36	16	39	5329
genic_peri	GS	34	33	16	37	22	22	45	3973
genic_peri	GS	35	1	0	3	3	0	5	531
genic_peri	GS	36	7	9	13	9	11	11	1521
genic_peri	GS	37	18	14	19	9	17	24	2066
genic_peri	GS	38	19	15	21	13	13	24	2799
genic_peri	GS	39	8	7	14	9	10	13	1445
genic_peri	GS	40	20	17	25	11	11	21	2416
genic_peri	GS	41	33	25	60	42	16	35	4960
genic_peri	GS	42	37	34	42	24	23	40	4657
genic_peri	GS	43	18	11	25	19	12	27	2598
genic_peri	GS	44	31	23	42	30	15	22	4343
genic_peri	GS	45	7	5	7	1	5	3	914
genic_peri	GS	46	29	22	34	23	17	34	3726
genic_peri	GS	47	7	7	17	14	11	20	2034
genic_peri	GS	48	9	12	27	15	9	18	2320
genic_peri	GS	49	26	16	38	24	14	33	3920
genic_peri	GS	50	37	17	50	33	10	29	4206
genic_peri	GS	51	26	24	43	15	19	41	3767
genic_peri	GS	52	28	23	39	18	21	33	3669
genic_peri	GS	53	24	18	37	21	6	29	3333
genic_peri	GS	54	28	22	32	24	16	33	3679
genic_peri	GS	55	55	23	50	37	11	31	4684
genic_peri	GS	56	10	14	21	14	11	23	2361
genic_peri	GS	57	44	19	47	36	16	39	4704
genic_peri	GS	58	15	10	27	17	9	26	2480
genic_peri	GS	59	34	28	36	25	12	33	3901
genic_peri	GS	60	30	22	40	29	10	31	3572
genic_peri	GS	61	32	22	30	18	22	39	4028
genic_peri	GS	62	26	19	37	23	12	35	3576
genic_nonperi	GS	1	90	74	152	95	61	135	16476
genic_nonperi	GS	2	67	44	109	74	38	114	12167
genic_nonperi	GS	3	60	50	120	53	49	95	10834
genic_nonperi	GS	4	55	45	102	57	34	106	10216
genic_nonperi	GS	5	60	51	109	63	50	112	11503
genic_nonperi	GS	6	66	50	141	85	49	121	13642
genic_nonperi	GS	7	20	16	34	23	20	25	3643
genic_nonperi	GS	8	86	74	134	102	74	123	16041
genic_nonperi	GS	9	26	32	37	28	28	53	4615
genic_nonperi	GS	10	57	45	115	49	48	120	11717
genic_nonperi	GS	11	36	29	41	25	26	61	6182
genic_nonperi	GS	12	57	34	112	76	45	95	11091
genic_nonperi	GS	13	118	81	150	118	59	164	17969
genic_nonperi	GS	14	90	70	144	92	70	146	16070
genic_nonperi	GS	15	30	24	55	39	23	60	6100
genic_nonperi	GS	16	24	20	41	39	22	39	5358
genic_nonperi	GS	17	46	38	71	38	34	81	8155
genic_nonperi	GS	18	31	29	74	36	25	52	6740
genic_nonperi	GS	19	120	85	155	124	65	173	18823
genic_nonperi	GS	20	87	74	133	90	66	121	15492
genic_nonperi	GS	21	76	55	131	98	54	148	15609
genic_nonperi	GS	22	88	55	141	98	65	153	15448
genic_nonperi	GS	23	77	66	126	72	57	134	13026
genic_nonperi	GS	24	35	22	39	26	14	43	4542
genic_nonperi	GS	25	52	31	83	54	32	103	10426
genic_nonperi	GS	26	97	72	158	104	72	141	17165
genic_nonperi	GS	27	140	94	208	149	77	209	22371
genic_nonperi	GS	28	97	66	163	91	60	139	14954
genic_nonperi	GS	29	77	63	122	71	56	129	12888
genic_nonperi	GS	30	142	95	210	149	78	214	22413
genic_nonperi	GS	31	7	9	20	11	7	14	2201
genic_nonperi	GS	32	94	57	127	95	49	124	14668
genic_nonperi	GS	33	97	73	146	108	69	130	15959
genic_nonperi	GS	34	100	58	148	107	64	152	17205
genic_nonperi	GS	35	12	5	21	16	13	21	2481
genic_nonperi	GS	36	35	28	71	53	28	85	7429
genic_nonperi	GS	37	68	45	105	70	33	103	10442
genic_nonperi	GS	38	84	54	133	77	51	134	13881
genic_nonperi	GS	39	35	24	47	38	17	57	6132
genic_nonperi	GS	40	65	46	110	71	44	106	11828
genic_nonperi	GS	41	84	66	150	120	66	134	16029
genic_nonperi	GS	42	142	95	212	148	77	212	22441
genic_nonperi	GS	43	77	46	110	70	47	121	12913
genic_nonperi	GS	44	85	51	144	91	66	128	15370
genic_nonperi	GS	45	24	18	43	20	20	30	4262
genic_nonperi	GS	46	122	75	182	134	61	184	19490
genic_nonperi	GS	47	55	44	100	48	33	104	9550
genic_nonperi	GS	48	53	50	89	61	42	118	11340
genic_nonperi	GS	49	84	58	145	99	61	126	15284
genic_nonperi	GS	50	71	45	99	65	50	93	11182
genic_nonperi	GS	51	75	56	133	107	55	124	15456
genic_nonperi	GS	52	96	59	155	112	68	159	17553
genic_nonperi	GS	53	54	32	74	55	47	64	8641
genic_nonperi	GS	54	121	74	177	130	63	182	19302
genic_nonperi	GS	55	91	69	154	92	63	123	16036
genic_nonperi	GS	56	67	49	92	59	44	115	11033
genic_nonperi	GS	57	87	63	150	103	70	125	16272
genic_nonperi	GS	58	70	48	139	86	43	138	14136
genic_nonperi	GS	59	121	85	160	123	64	172	18733
genic_nonperi	GS	60	70	57	121	78	53	115	13198
genic_nonperi	GS	61	108	75	168	122	78	162	18428
genic_nonperi	GS	62	71	61	150	79	59	126	14372
nongenic_peri	GS	1	663	277	488	461	212	499	52679
nongenic_peri	GS	2	238	107	205	164	84	199	20748
nongenic_peri	GS	3	283	115	198	181	80	201	21409
nongenic_peri	GS	4	236	106	207	178	96	207	20839
nongenic_peri	GS	5	272	101	207	194	84	209	22899
nongenic_peri	GS	6	319	137	252	203	105	289	30393
nongenic_peri	GS	7	102	51	92	97	24	84	11131
nongenic_peri	GS	8	680	290	487	500	228	509	54064
nongenic_peri	GS	9	123	57	80	71	36	99	10384
nongenic_peri	GS	10	287	121	230	187	116	220	23372
nongenic_peri	GS	11	200	66	131	104	45	124	14572
nongenic_peri	GS	12	280	116	253	210	95	227	23457
nongenic_peri	GS	13	462	196	364	288	146	367	36105
nongenic_peri	GS	14	625	273	443	432	192	484	50270
nongenic_peri	GS	15	139	49	121	88	48	116	13196
nongenic_peri	GS	16	149	60	128	93	50	119	13524
nongenic_peri	GS	17	177	80	142	115	62	130	14377
nongenic_peri	GS	18	168	88	161	141	58	152	15825
nongenic_peri	GS	19	478	206	377	308	161	391	38182
nongenic_peri	GS	20	624	274	442	430	198	468	49847
nongenic_peri	GS	21	359	171	303	277	132	271	30222
nongenic_peri	GS	22	450	188	328	311	141	324	36653
nongenic_peri	GS	23	291	142	273	213	101	228	24313
nongenic_peri	GS	24	127	52	101	111	51	112	11573
nongenic_peri	GS	25	270	104	211	208	81	215	22849
nongenic_peri	GS	26	645	280	463	460	198	503	51907
nongenic_peri	GS	27	589	264	450	451	221	466	46619
nongenic_peri	GS	28	421	170	287	278	143	298	32115
nongenic_peri	GS	29	285	140	266	211	97	221	24193
nongenic_peri	GS	30	591	261	458	445	217	467	46439
nongenic_peri	GS	31	47	22	45	29	15	33	3862
nongenic_peri	GS	32	376	142	302	278	137	347	33560
nongenic_peri	GS	33	646	284	507	455	226	502	53557
nongenic_peri	GS	34	438	194	420	344	145	367	38243
nongenic_peri	GS	35	87	37	79	54	15	68	7498
nongenic_peri	GS	36	169	76	125	119	65	148	15763
nongenic_peri	GS	37	279	136	194	200	105	203	21259
nongenic_peri	GS	38	290	136	253	240	115	261	28514
nongenic_peri	GS	39	157	67	163	120	47	129	16289
nongenic_peri	GS	40	311	135	256	228	114	251	27114
nongenic_peri	GS	41	643	256	460	454	201	443	50668
nongenic_peri	GS	42	589	264	454	449	213	460	46538
nongenic_peri	GS	43	287	140	251	227	94	244	27786
nongenic_peri	GS	44	501	217	383	382	174	432	44859
nongenic_peri	GS	45	105	58	84	69	47	93	10336
nongenic_peri	GS	46	462	200	418	343	160	329	37408
nongenic_peri	GS	47	241	99	176	156	81	205	20809
nongenic_peri	GS	48	269	116	201	179	89	206	21731
nongenic_peri	GS	49	459	186	365	343	158	373	37529
nongenic_peri	GS	50	519	228	373	378	154	415	43654
nongenic_peri	GS	51	439	192	338	341	155	362	36739
nongenic_peri	GS	52	445	190	390	332	163	351	37430
nongenic_peri	GS	53	404	182	306	304	138	328	36411
nongenic_peri	GS	54	451	188	410	336	157	325	36730
nongenic_peri	GS	55	608	261	426	414	186	458	48660
nongenic_peri	GS	56	241	108	213	185	62	190	21869
nongenic_peri	GS	57	604	275	437	413	197	460	48969
nongenic_peri	GS	58	266	110	234	204	119	243	25283
nongenic_peri	GS	59	488	204	373	304	160	385	37762
nongenic_peri	GS	60	379	175	353	316	146	372	34660
nongenic_peri	GS	61	435	183	389	357	171	363	37457
nongenic_peri	GS	62	374	131	301	256	114	282	32612
nongenic_nonperi	GS	1	274	92	573	214	96	502	50281
nongenic_nonperi	GS	2	166	69	364	181	54	363	35242
nongenic_nonperi	GS	3	170	57	349	141	54	358	32693
nongenic_nonperi	GS	4	157	69	344	148	53	354	31401
nongenic_nonperi	GS	5	181	63	372	179	67	358	35000
nongenic_nonperi	GS	6	215	61	446	199	80	434	42765
nongenic_nonperi	GS	7	77	23	139	56	33	147	15569
nongenic_nonperi	GS	8	251	103	586	231	90	504	49039
nongenic_nonperi	GS	9	74	35	140	45	21	147	14047
nongenic_nonperi	GS	10	150	73	397	164	52	392	34599
nongenic_nonperi	GS	11	101	35	241	106	38	220	22229
nongenic_nonperi	GS	12	169	68	386	172	71	391	37056
nongenic_nonperi	GS	13	282	97	585	268	122	589	53825
nongenic_nonperi	GS	14	258	111	544	214	91	484	48775
nongenic_nonperi	GS	15	107	27	212	107	42	207	21845
nongenic_nonperi	GS	16	79	28	195	76	38	187	18893
nongenic_nonperi	GS	17	111	48	262	116	46	253	23757
nongenic_nonperi	GS	18	101	41	240	97	51	225	22241
nongenic_nonperi	GS	19	298	104	620	279	124	618	56645
nongenic_nonperi	GS	20	237	85	511	194	89	470	46381
nongenic_nonperi	GS	21	236	85	514	229	93	548	47127
nongenic_nonperi	GS	22	245	73	539	235	87	472	47843
nongenic_nonperi	GS	23	194	83	457	189	72	421	39654
nongenic_nonperi	GS	24	71	29	140	94	28	148	14282
nongenic_nonperi	GS	25	139	68	358	144	61	356	33768
nongenic_nonperi	GS	26	277	97	570	247	88	528	51041
nongenic_nonperi	GS	27	338	128	704	352	120	696	63574
nongenic_nonperi	GS	28	218	63	427	207	73	419	36700
nongenic_nonperi	GS	29	194	81	460	185	72	412	39443
nongenic_nonperi	GS	30	346	128	709	346	120	691	63750
nongenic_nonperi	GS	31	23	12	87	24	8	60	7319
nongenic_nonperi	GS	32	241	97	516	237	67	472	47532
nongenic_nonperi	GS	33	246	81	534	229	83	447	46103
nongenic_nonperi	GS	34	274	87	598	280	90	579	54378
nongenic_nonperi	GS	35	46	22	84	43	10	86	10706
nongenic_nonperi	GS	36	118	37	282	106	61	258	25852
nongenic_nonperi	GS	37	157	62	326	152	66	337	30514
nongenic_nonperi	GS	38	223	65	458	203	85	477	41731
nongenic_nonperi	GS	39	106	35	247	102	37	220	22310
nongenic_nonperi	GS	40	214	69	395	199	65	405	38337
nongenic_nonperi	GS	41	264	102	543	225	76	459	47016
nongenic_nonperi	GS	42	349	124	710	348	121	689	64194
nongenic_nonperi	GS	43	188	71	404	202	80	426	40574
nongenic_nonperi	GS	44	238	107	474	232	81	454	45526
nongenic_nonperi	GS	45	62	30	160	77	32	166	15704
nongenic_nonperi	GS	46	301	104	647	311	111	635	58747
nongenic_nonperi	GS	47	142	51	329	142	51	360	30595
nongenic_nonperi	GS	48	170	64	400	166	68	370	36355
nongenic_nonperi	GS	49	249	91	525	226	92	521	48218
nongenic_nonperi	GS	50	186	66	379	152	61	368	34662
nongenic_nonperi	GS	51	274	92	519	263	87	512	48641
nongenic_nonperi	GS	52	285	81	571	245	117	560	54048
nongenic_nonperi	GS	53	156	58	287	121	45	251	26463
nongenic_nonperi	GS	54	293	106	640	306	110	621	57692
nongenic_nonperi	GS	55	253	81	537	220	91	471	48073
nongenic_nonperi	GS	56	167	68	338	146	58	368	33816
nongenic_nonperi	GS	57	282	97	592	205	87	501	49322
nongenic_nonperi	GS	58	255	64	483	199	75	509	44834
nongenic_nonperi	GS	59	292	105	614	276	122	614	56075
nongenic_nonperi	GS	60	197	70	418	180	72	412	37859
nongenic_nonperi	GS	61	288	99	569	276	105	586	54344
nongenic_nonperi	GS	62	236	82	489	196	83	504	45370
peri	GD	1	47	26	37	37	16	36	3544
peri	GD	2	120	71	105	111	50	99	8109
peri	GD	3	90	50	43	66	33	56	4436
peri	GD	4	45	31	39	48	19	34	3299
peri	GD	5	66	26	49	53	25	53	4049
peri	GD	6	82	49	44	56	23	58	4548
peri	GD	7	116	79	90	102	47	83	7675
peri	GD	8	78	36	67	72	27	57	4806
peri	GD	9	83	49	59	68	36	72	5508
peri	GD	10	48	23	33	35	15	54	3257
peri	GD	11	95	59	67	80	35	70	6121
peri	GD	12	55	26	39	41	20	38	3081
peri	GD	13	85	34	56	65	31	64	5117
peri	GD	14	97	59	61	78	35	61	5680
peri	GD	15	97	56	57	76	41	74	6062
peri	GD	16	83	53	61	83	37	58	5872
peri	GD	17	77	42	63	53	36	58	5083
peri	GD	18	97	48	82	85	38	64	7140
peri	GD	19	71	46	71	69	28	44	5033
peri	GD	20	82	46	59	67	33	66	4748
peri	GD	21	104	55	66	94	40	73	7044
peri	GD	22	64	47	48	64	34	55	5076
peri	GD	23	35	13	23	25	12	21	1804
peri	GD	24	55	33	42	47	26	56	3863
peri	GD	25	85	49	71	71	33	67	5503
peri	GD	26	88	42	60	82	35	62	5268
peri	GD	27	60	28	41	42	20	39	3077
peri	GD	28	67	36	48	47	29	47	3627
peri	GD	29	104	56	99	94	41	78	7400
peri	GD	30	54	29	44	42	19	39	3286
peri	GD	31	68	46	59	71	35	52	5461
peri	GD	32	84	49	84	77	27	56	6179
peri	GD	33	76	54	78	78	31	78	6325
peri	GD	34	93	54	83	82	33	59	5223
peri	GD	35	76	60	45	68	46	63	5092
peri	GD	36	77	35	72	67	24	59	4804
peri	GD	37	74	50	58	66	32	63	5160
peri	GD	38	24	12	22	21	8	24	1752
peri	GD	39	77	27	46	66	22	64	5002
peri	GD	40	84	56	81	81	33	82	6480
peri	GD	41	61	35	41	38	23	39	3083
peri	GD	42	101	49	93	73	40	80	6771
peri	GD	43	81	40	59	69	37	66	5808
peri	GD	44	112	53	65	85	36	83	6328
peri	GD	45	92	57	54	57	29	61	4872
peri	GD	46	73	41	45	50	28	47	3890
peri	GD	47	64	48	63	58	32	57	4636
peri	GD	48	109	55	84	83	39	74	5950
peri	GD	49	40	27	40	49	19	30	3320
peri	GD	50	56	38	41	43	23	36	3537
peri	GD	51	51	28	43	40	20	39	3066
peri	GD	52	97	54	87	91	34	72	6825
peri	GD	53	67	40	41	58	25	49	4387
peri	GD	54	71	38	63	60	31	64	4688
peri	GD	55	104	56	80	83	37	75	6254
peri	GD	56	43	29	51	57	31	39	3594
peri	GD	57	78	45	53	57	32	64	5201
peri	GD	58	96	64	77	91	39	82	7064
peri	GD	59	59	29	37	39	26	42	3566
peri	GD	60	91	42	67	74	33	75	5801
peri	GD	61	104	60	85	93	52	83	7585
peri	GD	62	78	41	66	45	30	75	5491
peri	GD	63	80	48	55	69	29	60	5455
peri	GD	64	85	39	57	56	29	54	4791
peri	GD	65	107	65	86	80	42	72	7041
peri	GD	66	70	42	76	61	25	53	4560
peri	GD	67	48	31	41	47	13	36	3965
peri	GD	68	75	53	55	74	33	66	5497
peri	GD	69	14	13	7	14	6	13	888
peri	GD	70	82	45	62	61	32	72	5135
peri	GD	71	48	22	41	45	22	28	2954
peri	GD	72	58	40	58	53	28	50	4169
peri	GD	73	58	45	52	66	38	60	4562
peri	GD	74	57	25	38	39	17	37	2955
peri	GD	75	106	54	74	79	43	78	6140
peri	GD	76	64	34	72	53	30	48	4364
peri	GD	77	61	29	56	55	27	50	3738
peri	GD	78	91	52	80	79	47	82	6149
peri	GD	79	113	64	93	87	48	85	7447
peri	GD	80	72	37	49	55	22	52	4972
peri	GD	81	59	33	35	38	22	43	3012
peri	GD	82	103	44	75	81	28	68	6001
peri	GD	83	57	28	47	48	25	40	3722
peri	GD	84	80	50	63	65	31	66	5297
peri	GD	85	45	34	25	45	26	34	3360
peri	GD	86	112	70	91	89	43	94	7377
peri	GD	87	148	79	108	99	46	96	8470
peri	GD	88	75	40	68	72	38	60	4701
peri	GD	89	76	56	70	79	31	74	6274
peri	GD	90	92	49	52	62	34	59	4922
peri	GD	91	69	43	51	67	35	67	5483
peri	GD	92	72	39	59	66	24	52	4251
peri	GD	93	96	56	61	75	31	61	5723
peri	GD	94	72	55	53	58	30	53	4398
peri	GD	95	90	51	77	79	26	61	6204
peri	GD	96	84	57	74	74	31	61	6036
peri	GD	97	70	52	55	58	26	59	4891
peri	GD	98	82	38	53	73	40	68	5055
peri	GD	99	87	56	84	75	43	61	5628
peri	GD	100	121	71	82	94	44	80	6595
peri	GD	101	96	60	67	79	34	71	6186
peri	GD	102	87	50	78	76	38	74	5802
peri	GD	103	111	59	65	102	47	87	6703
peri	GD	104	43	34	38	43	19	43	3193
peri	GD	105	107	61	63	86	36	66	6410
peri	GD	106	75	40	62	53	35	60	4777
peri	GD	107	95	59	77	89	48	80	6970
peri	GD	108	109	61	73	72	37	84	6923
peri	GD	109	44	28	27	32	21	38	2701
peri	GD	110	76	49	54	68	31	73	5141
peri	GD	111	67	38	37	50	35	54	4126
peri	GD	112	101	55	89	83	37	79	6406
peri	GD	113	43	26	35	33	15	32	3121
peri	GD	114	105	56	75	92	48	71	6753
peri	GD	115	26	18	22	21	7	17	1747
peri	GD	116	97	61	61	80	34	69	6051
peri	GD	117	62	25	40	35	18	44	3323
peri	GD	118	57	28	58	50	22	43	3526
peri	GD	119	67	36	52	59	31	56	3845
peri	GD	120	100	51	88	74	44	82	7152
peri	GD	121	72	53	52	56	31	54	4344
peri	GD	122	109	52	61	78	32	74	5930
peri	GD	123	38	22	34	26	19	30	2632
peri	GD	124	78	40	48	51	32	47	4342
peri	GD	125	91	58	67	76	41	69	5925
peri	GD	126	75	33	39	55	24	63	4729
peri	GD	127	76	53	57	74	33	74	5512
peri	GD	128	79	50	74	62	34	48	4926
peri	GD	129	99	62	78	86	52	83	7098
peri	GD	130	64	36	57	57	28	45	5396
peri	GD	131	59	31	43	45	17	48	3609
peri	GD	132	69	50	51	67	37	57	4803
peri	GD	133	61	48	49	51	28	49	4700
peri	GD	134	132	67	90	96	56	97	7971
peri	GD	135	76	50	59	53	31	52	4391
peri	GD	136	71	32	52	50	35	30	3408
peri	GD	137	84	47	46	57	29	58	4806
peri	GD	138	59	26	46	44	24	53	4007
peri	GD	139	58	31	37	38	19	43	3202
peri	GD	140	102	74	79	85	46	93	6863
peri	GD	141	95	62	89	90	33	64	6079
peri	GD	142	75	63	58	84	27	57	5314
peri	GD	143	112	59	82	85	44	75	7262
peri	GD	144	77	31	54	64	26	55	4728
peri	GD	145	100	58	78	87	34	91	6489
peri	GD	146	114	75	95	89	38	97	7820
peri	GD	147	90	47	78	59	36	58	5631
peri	GD	148	109	59	57	91	42	78	6694
peri	GD	149	74	55	58	64	28	59	4933
peri	GD	150	95	52	78	70	35	66	6295
peri	GD	151	21	20	12	24	9	22	1523
peri	GD	152	95	62	66	79	35	68	6223
peri	GD	153	99	71	77	91	48	91	7176
peri	GD	154	76	57	68	80	28	77	5708
peri	GD	155	74	50	50	71	34	65	5543
peri	GD	156	40	24	29	38	19	36	2743
peri	GD	157	83	58	63	67	32	65	5693
peri	GD	158	50	28	42	46	23	43	3554
peri	GD	159	60	35	46	49	24	47	3779
peri	GD	160	81	38	59	67	28	65	4991
peri	GD	161	105	59	78	78	42	82	6052
peri	GD	162	82	41	65	64	25	70	4927
peri	GD	163	94	45	75	69	32	71	5716
peri	GD	164	86	61	80	72	40	66	5675
peri	GD	165	115	67	96	97	47	108	7793
peri	GD	166	80	52	60	76	33	68	5551
peri	GD	167	115	71	91	91	39	75	7115
peri	GD	168	100	46	68	76	29	63	5600
peri	GD	169	65	42	55	66	25	54	4639
peri	GD	170	64	49	65	73	29	64	5039
peri	GD	171	95	56	75	72	33	84	6323
peri	GD	172	116	78	95	103	45	84	7621
peri	GD	173	94	58	75	81	41	78	6126
peri	GD	174	129	64	94	105	56	93	7908
peri	GD	175	63	44	50	58	32	52	4177
peri	GD	176	99	54	71	63	43	72	5836
peri	GD	177	94	65	81	90	41	79	6743
peri	GD	178	106	67	85	79	50	84	7285
peri	GD	179	133	72	97	82	53	106	8447
peri	GD	180	103	54	79	76	42	74	6324
peri	GD	181	125	55	83	86	41	85	7420
peri	GD	182	64	41	64	57	30	50	4460
peri	GD	183	109	74	76	88	43	82	6679
peri	GD	184	59	41	39	47	28	48	3965
peri	GD	185	89	50	67	71	46	69	5540
peri	GD	186	68	47	56	58	26	65	4663
peri	GD	187	122	51	86	93	40	81	6741
peri	GD	188	51	41	43	51	17	42	3930
peri	GD	189	45	14	31	28	13	29	2315
peri	GD	190	86	49	54	73	36	61	5320
peri	GD	191	76	31	49	60	25	60	4545
peri	GD	192	91	57	71	86	37	71	5724
peri	GD	193	43	28	28	37	22	42	3008
peri	GD	194	90	44	64	65	32	61	5342
peri	GD	195	70	43	33	60	27	56	4496
peri	GD	196	136	73	103	116	59	99	8619
peri	GD	197	112	67	70	95	35	74	6651
peri	GD	198	71	37	56	59	25	53	5110
peri	GD	199	55	38	36	53	25	43	3531
peri	GD	200	99	48	86	82	37	76	6810
peri	GD	201	63	41	64	56	31	45	4042
peri	GD	202	88	44	62	58	29	61	5285
peri	GD	203	96	45	71	84	32	82	6164
peri	GD	204	115	58	90	99	52	85	7825
peri	GD	205	112	53	84	78	39	75	6494
peri	GD	206	89	50	55	53	44	65	4650
peri	GD	207	24	19	22	29	13	25	1800
peri	GD	208	46	26	37	33	12	30	2794
peri	GD	209	86	36	66	74	35	68	5657
peri	GD	210	111	66	100	97	42	107	7779
peri	GD	211	49	33	34	53	22	34	3205
peri	GD	212	99	59	62	78	43	68	5561
peri	GD	213	29	18	24	30	11	19	2047
peri	GD	214	72	44	41	57	22	46	4298
peri	GD	215	39	27	31	28	12	28	2435
peri	GD	216	72	38	41	57	38	60	4389
peri	GD	217	100	57	80	97	48	82	6619
peri	GD	218	88	49	85	63	29	65	5660
peri	GD	219	91	46	75	56	35	54	5536
peri	GD	220	83	59	86	85	35	65	5783
peri	GD	221	101	60	67	85	38	72	6294
peri	GD	222	75	51	52	61	31	55	4915
peri	GD	223	69	29	52	66	27	50	4698
peri	GD	224	87	56	64	80	32	70	6124
peri	GD	225	93	50	77	83	30	71	5866
peri	GD	226	70	36	36	57	32	56	4126
peri	GD	227	74	44	50	52	29	52	4423
peri	GD	228	84	50	69	68	34	58	5145
peri	GD	229	45	23	38	47	19	44	3064
peri	GD	230	45	29	35	31	17	30	2875
peri	GD	231	108	67	80	102	38	77	6776
peri	GD	232	69	50	56	71	34	58	5289
peri	GD	233	103	56	81	78	37	72	6342
peri	GD	234	71	43	44	59	23	44	4495
peri	GD	235	63	22	46	48	30	56	4707
peri	GD	236	91	39	76	61	32	68	5446
peri	GD	237	91	52	67	71	39	77	5700
peri	GD	238	106	47	85	90	39	79	6735
peri	GD	239	55	39	45	41	26	50	4119
peri	GD	240	56	26	27	30	19	27	2251
nonperi	GD	1	41	17	60	32	6	53	4693
nonperi	GD	2	52	36	91	44	25	85	7493
nonperi	GD	3	43	23	57	36	19	46	4665
nonperi	GD	4	24	19	43	16	7	54	3765
nonperi	GD	5	34	26	49	23	14	65	4008
nonperi	GD	6	56	30	76	43	18	72	5677
nonperi	GD	7	64	35	79	49	25	89	6371
nonperi	GD	8	39	25	58	41	20	63	5552
nonperi	GD	9	72	42	101	49	26	94	8778
nonperi	GD	10	36	22	49	28	14	48	4473
nonperi	GD	11	59	32	98	50	25	89	7094
nonperi	GD	12	34	29	45	33	15	56	3832
nonperi	GD	13	50	30	70	46	22	71	6522
nonperi	GD	14	67	31	84	58	21	87	7350
nonperi	GD	15	72	38	89	46	29	98	8566
nonperi	GD	16	61	35	84	44	25	82	7522
nonperi	GD	17	79	34	89	41	25	89	7211
nonperi	GD	18	59	26	72	53	21	91	7788
nonperi	GD	19	43	29	58	27	13	63	4214
nonperi	GD	20	61	37	66	41	20	77	6172
nonperi	GD	21	45	35	66	40	26	72	6319
nonperi	GD	22	48	20	72	44	13	67	6059
nonperi	GD	23	23	18	32	23	12	38	2376
nonperi	GD	24	48	23	52	31	13	54	4710
nonperi	GD	25	48	29	66	39	16	73	5795
nonperi	GD	26	46	21	64	48	9	46	4803
nonperi	GD	27	35	26	43	27	18	61	3810
nonperi	GD	28	28	20	41	29	15	52	4399
nonperi	GD	29	63	24	76	50	15	78	6425
nonperi	GD	30	35	29	45	32	19	61	3780
nonperi	GD	31	56	25	66	38	19	75	6479
nonperi	GD	32	43	30	83	61	14	91	7940
nonperi	GD	33	64	34	107	56	24	118	9307
nonperi	GD	34	37	25	58	30	15	59	4968
nonperi	GD	35	64	33	64	40	22	64	5108
nonperi	GD	36	36	23	54	41	18	70	5608
nonperi	GD	37	56	32	85	50	22	87	6083
nonperi	GD	38	20	13	15	12	7	30	1890
nonperi	GD	39	47	23	57	46	19	81	5563
nonperi	GD	40	65	44	106	46	32	112	9313
nonperi	GD	41	32	14	39	25	10	30	3255
nonperi	GD	42	54	29	72	34	17	93	6394
nonperi	GD	43	41	16	78	45	15	60	5668
nonperi	GD	44	56	36	88	50	23	100	8137
nonperi	GD	45	54	27	66	52	16	76	5945
nonperi	GD	46	41	22	52	39	12	58	3997
nonperi	GD	47	58	31	76	50	21	75	6977
nonperi	GD	48	65	47	92	48	21	94	8135
nonperi	GD	49	24	19	39	23	9	49	3887
nonperi	GD	50	34	18	44	22	11	45	3646
nonperi	GD	51	29	26	46	31	18	59	3667
nonperi	GD	52	50	26	76	46	20	87	7276
nonperi	GD	53	49	24	67	46	20	66	6397
nonperi	GD	54	41	20	57	36	12	61	6063
nonperi	GD	55	47	33	85	50	23	93	7111
nonperi	GD	56	42	23	60	27	16	55	4639
nonperi	GD	57	75	30	85	60	25	95	7737
nonperi	GD	58	62	29	102	57	25	84	7848
nonperi	GD	59	34	30	59	36	10	50	4030
nonperi	GD	60	61	37	69	50	17	93	7264
nonperi	GD	61	78	33	93	62	23	91	8135
nonperi	GD	62	81	34	81	41	17	75	7266
nonperi	GD	63	54	29	85	52	22	91	6882
nonperi	GD	64	57	28	83	44	25	74	6772
nonperi	GD	65	57	40	91	56	14	102	8018
nonperi	GD	66	44	30	68	38	25	66	6332
nonperi	GD	67	48	28	69	40	16	78	5473
nonperi	GD	68	63	37	98	53	21	87	7252
nonperi	GD	69	11	4	6	8	6	8	868
nonperi	GD	70	63	31	76	45	20	73	6253
nonperi	GD	71	26	12	36	20	14	43	3769
nonperi	GD	72	58	33	84	53	18	82	7345
nonperi	GD	73	50	27	65	37	19	65	4730
nonperi	GD	74	37	23	48	31	17	68	3925
nonperi	GD	75	65	46	93	58	24	89	7319
nonperi	GD	76	40	12	64	42	11	69	5378
nonperi	GD	77	44	13	59	35	14	58	5515
nonperi	GD	78	48	39	95	53	30	89	7916
nonperi	GD	79	55	33	88	57	29	93	8189
nonperi	GD	80	50	30	72	50	16	80	6692
nonperi	GD	81	30	16	40	26	8	28	3246
nonperi	GD	82	57	28	68	47	21	86	6172
nonperi	GD	83	34	23	54	28	13	63	4673
nonperi	GD	84	58	25	82	48	21	74	6305
nonperi	GD	85	43	19	48	27	15	58	4262
nonperi	GD	86	71	38	100	50	26	112	8573
nonperi	GD	87	59	33	108	63	33	92	7999
nonperi	GD	88	40	28	70	41	18	68	5146
nonperi	GD	89	68	33	78	44	27	59	5552
nonperi	GD	90	58	37	81	38	21	85	6041
nonperi	GD	91	63	35	102	48	19	86	8305
nonperi	GD	92	54	32	84	45	16	70	6264
nonperi	GD	93	63	31	104	57	24	96	7375
nonperi	GD	94	46	34	75	50	28	71	6411
nonperi	GD	95	41	22	57	38	14	58	4724
nonperi	GD	96	41	29	72	43	22	70	5431
nonperi	GD	97	49	33	74	51	23	75	6856
nonperi	GD	98	51	29	82	44	22	78	5733
nonperi	GD	99	50	14	69	42	13	76	6025
nonperi	GD	100	54	28	64	47	20	65	6022
nonperi	GD	101	70	32	110	65	24	108	8227
nonperi	GD	102	51	28	96	49	28	98	7691
nonperi	GD	103	39	32	81	41	27	82	6916
nonperi	GD	104	36	25	48	29	15	47	4243
nonperi	GD	105	67	31	96	56	23	96	7014
nonperi	GD	106	56	33	86	54	16	83	7349
nonperi	GD	107	66	32	89	48	24	104	8180
nonperi	GD	108	42	25	94	41	21	68	6410
nonperi	GD	109	31	18	28	23	9	41	3359
nonperi	GD	110	52	34	90	50	26	86	7076
nonperi	GD	111	34	25	51	31	16	46	3708
nonperi	GD	112	47	29	59	42	12	66	5949
nonperi	GD	113	37	27	57	31	12	60	4192
nonperi	GD	114	50	31	72	39	23	74	6371
nonperi	GD	115	20	20	21	21	11	27	1734
nonperi	GD	116	64	35	97	54	21	96	7421
nonperi	GD	117	39	19	38	35	17	61	4311
nonperi	GD	118	43	17	53	32	12	51	4385
nonperi	GD	119	40	18	52	32	13	46	4564
nonperi	GD	120	58	37	72	64	23	85	7949
nonperi	GD	121	47	33	74	53	30	75	6345
nonperi	GD	122	53	34	85	49	20	102	8006
nonperi	GD	123	30	17	60	28	14	60	5117
nonperi	GD	124	28	11	56	33	13	44	4393
nonperi	GD	125	73	44	105	64	26	114	9501
nonperi	GD	126	49	26	65	36	20	79	6437
nonperi	GD	127	77	48	98	64	25	102	8736
nonperi	GD	128	52	34	83	46	26	87	6534
nonperi	GD	129	60	32	85	51	30	103	7626
nonperi	GD	130	69	37	87	47	20	87	7549
nonperi	GD	131	55	37	68	47	15	72	6234
nonperi	GD	132	59	26	67	39	18	78	5773
nonperi	GD	133	44	28	73	42	20	68	6379
nonperi	GD	134	66	36	82	48	23	96	7997
nonperi	GD	135	54	29	62	35	20	71	4670
nonperi	GD	136	22	20	33	20	16	39	3069
nonperi	GD	137	47	32	69	50	18	71	5214
nonperi	GD	138	52	24	72	39	20	84	6208
nonperi	GD	139	37	19	58	30	14	61	4317
nonperi	GD	140	71	32	106	56	26	117	9043
nonperi	GD	141	52	26	62	46	15	76	5736
nonperi	GD	142	57	34	84	50	20	85	7513
nonperi	GD	143	48	26	64	58	21	62	5888
nonperi	GD	144	50	25	67	44	18	67	5664
nonperi	GD	145	75	46	97	59	35	118	9475
nonperi	GD	146	58	31	85	43	24	87	7451
nonperi	GD	147	35	27	52	35	16	57	4671
nonperi	GD	148	80	34	93	43	32	104	8653
nonperi	GD	149	55	31	87	47	22	96	7418
nonperi	GD	150	51	27	73	48	16	75	5817
nonperi	GD	151	17	11	30	13	6	28	2218
nonperi	GD	152	63	35	103	55	22	95	7395
nonperi	GD	153	75	38	92	60	33	111	9109
nonperi	GD	154	60	34	82	59	17	95	7788
nonperi	GD	155	63	40	89	59	21	98	8322
nonperi	GD	156	28	20	44	22	10	47	3335
nonperi	GD	157	55	34	83	55	21	79	7436
nonperi	GD	158	52	24	65	40	15	63	4656
nonperi	GD	159	48	29	79	43	22	85	6104
nonperi	GD	160	59	35	72	40	21	78	7076
nonperi	GD	161	58	40	72	43	22	76	5451
nonperi	GD	162	50	40	78	50	28	87	7007
nonperi	GD	163	51	33	66	46	17	65	5482
nonperi	GD	164	58	32	64	44	20	64	5415
nonperi	GD	165	63	41	96	52	31	120	9181
nonperi	GD	166	62	35	100	53	22	89	7298
nonperi	GD	167	56	32	68	42	21	77	6558
nonperi	GD	168	56	32	79	44	17	78	6427
nonperi	GD	169	62	39	88	61	16	91	7520
nonperi	GD	170	45	22	88	45	11	71	6222
nonperi	GD	171	60	40	87	55	27	103	7949
nonperi	GD	172	57	25	83	46	17	74	6840
nonperi	GD	173	53	33	83	48	26	94	7538
nonperi	GD	174	73	51	111	60	29	113	9816
nonperi	GD	175	49	32	87	43	16	74	5550
nonperi	GD	176	76	38	100	59	27	107	8159
nonperi	GD	177	61	30	88	59	25	90	7494
nonperi	GD	178	65	35	90	47	22	91	6358
nonperi	GD	179	81	33	104	59	29	109	8335
nonperi	GD	180	49	33	77	41	22	76	6392
nonperi	GD	181	56	32	91	64	23	94	7696
nonperi	GD	182	63	43	81	48	17	78	6161
nonperi	GD	183	54	31	86	51	22	80	7293
nonperi	GD	184	52	30	51	39	18	57	4692
nonperi	GD	185	52	39	75	43	18	67	5758
nonperi	GD	186	62	41	91	51	21	96	8194
nonperi	GD	187	68	31	99	54	29	95	7794
nonperi	GD	188	45	21	68	39	12	71	4835
nonperi	GD	189	28	21	43	16	10	36	3757
nonperi	GD	190	48	38	72	52	15	78	6368
nonperi	GD	191	50	25	79	44	16	69	5863
nonperi	GD	192	49	30	78	56	23	90	6284
nonperi	GD	193	37	18	43	26	9	63	4080
nonperi	GD	194	63	40	96	52	36	109	8611
nonperi	GD	195	46	22	70	47	14	71	6412
nonperi	GD	196	75	54	109	61	23	126	9915
nonperi	GD	197	59	34	94	52	26	99	7474
nonperi	GD	198	44	25	53	28	15	52	4312
nonperi	GD	199	47	25	54	30	21	59	4573
nonperi	GD	200	54	26	70	41	17	73	6301
nonperi	GD	201	22	9	35	21	11	39	3676
nonperi	GD	202	53	34	81	63	25	92	7359
nonperi	GD	203	47	27	72	43	20	67	6348
nonperi	GD	204	47	21	93	63	14	93	8070
nonperi	GD	205	61	36	88	60	23	97	7425
nonperi	GD	206	57	28	63	53	15	84	5638
nonperi	GD	207	28	11	15	10	7	24	2322
nonperi	GD	208	42	23	67	41	14	67	4843
nonperi	GD	209	40	30	69	35	19	67	6300
nonperi	GD	210	59	36	98	54	29	118	9136
nonperi	GD	211	32	24	51	33	15	55	4634
nonperi	GD	212	57	39	68	47	22	70	5415
nonperi	GD	213	21	18	23	19	12	30	1862
nonperi	GD	214	44	25	57	36	21	56	4459
nonperi	GD	215	36	26	42	28	20	52	3533
nonperi	GD	216	38	29	49	29	14	50	4251
nonperi	GD	217	69	30	85	52	20	101	7954
nonperi	GD	218	56	33	99	37	17	81	7658
nonperi	GD	219	37	26	49	36	16	55	4619
nonperi	GD	220	68	28	89	45	16	74	7340
nonperi	GD	221	69	38	104	66	22	89	8076
nonperi	GD	222	55	26	70	38	17	72	5381
nonperi	GD	223	50	31	77	32	17	63	5800
nonperi	GD	224	64	33	98	54	22	89	7220
nonperi	GD	225	57	31	87	54	21	87	7226
nonperi	GD	226	43	25	57	44	13	73	5538
nonperi	GD	227	52	25	82	47	22	97	6796
nonperi	GD	228	59	35	84	43	19	84	6051
nonperi	GD	229	33	14	41	27	15	52	3895
nonperi	GD	230	30	19	36	31	9	37	4055
nonperi	GD	231	67	29	73	40	17	94	6353
nonperi	GD	232	51	34	88	54	34	90	7721
nonperi	GD	233	57	35	95	66	25	91	8364
nonperi	GD	234	39	28	59	37	12	59	4701
nonperi	GD	235	62	31	69	40	18	98	6900
nonperi	GD	236	55	34	88	33	18	77	7274
nonperi	GD	237	64	36	93	53	30	115	8881
nonperi	GD	238	64	28	68	52	27	73	7061
nonperi	GD	239	54	29	61	42	15	67	5239
nonperi	GD	240	16	8	40	23	8	34	3033
genic	GD	1	23	10	18	17	6	28	1798
genic	GD	2	28	21	36	23	11	38	2989
genic	GD	3	27	18	17	19	12	21	2120
genic	GD	4	10	15	17	14	5	24	1408
genic	GD	5	18	14	20	13	8	35	1897
genic	GD	6	31	25	29	22	9	34	2702
genic	GD	7	35	22	33	26	19	49	3115
genic	GD	8	19	9	17	27	12	24	2217
genic	GD	9	29	28	37	24	13	34	3333
genic	GD	10	17	13	22	15	6	14	1833
genic	GD	11	29	22	40	36	13	44	2974
genic	GD	12	17	17	20	16	11	30	1873
genic	GD	13	28	21	23	23	11	31	2571
genic	GD	14	26	16	30	30	8	39	2924
genic	GD	15	33	28	31	26	15	43	3253
genic	GD	16	33	24	20	31	16	39	2978
genic	GD	17	36	23	30	18	14	36	2685
genic	GD	18	29	21	26	28	10	31	3046
genic	GD	19	22	18	29	17	9	34	2053
genic	GD	20	28	23	18	21	9	33	2345
genic	GD	21	23	27	25	27	13	34	2988
genic	GD	22	17	16	29	23	6	31	2544
genic	GD	23	15	11	15	12	6	21	1140
genic	GD	24	23	12	24	17	6	30	1908
genic	GD	25	22	22	25	25	9	34	2589
genic	GD	26	19	15	26	27	8	25	2331
genic	GD	27	20	16	24	14	10	33	1916
genic	GD	28	16	10	16	18	5	25	1700
genic	GD	29	36	12	33	23	10	44	2785
genic	GD	30	19	17	23	15	11	33	1881
genic	GD	31	19	17	25	23	11	46	2648
genic	GD	32	28	20	36	32	6	42	3063
genic	GD	33	31	23	41	29	15	46	3501
genic	GD	34	22	25	25	18	7	31	2112
genic	GD	35	35	22	26	28	15	30	2781
genic	GD	36	19	11	21	28	12	30	2266
genic	GD	37	28	18	35	33	13	42	2692
genic	GD	38	9	7	7	8	0	15	915
genic	GD	39	26	19	19	24	10	41	2341
genic	GD	40	33	25	47	26	18	49	3529
genic	GD	41	16	9	20	13	3	18	1296
genic	GD	42	27	18	34	25	11	48	2739
genic	GD	43	27	11	29	22	10	29	2432
genic	GD	44	31	25	34	27	13	42	3171
genic	GD	45	24	16	30	26	6	36	2352
genic	GD	46	24	12	25	18	7	26	2073
genic	GD	47	24	18	28	26	13	27	2612
genic	GD	48	33	30	27	21	11	35	3046
genic	GD	49	10	15	16	15	6	23	1435
genic	GD	50	15	15	16	16	4	19	1451
genic	GD	51	15	16	22	15	11	30	1808
genic	GD	52	27	17	26	22	7	33	2921
genic	GD	53	25	13	15	23	12	21	2399
genic	GD	54	17	11	15	19	10	23	2356
genic	GD	55	26	26	32	27	11	32	2888
genic	GD	56	20	13	26	12	11	26	1872
genic	GD	57	34	21	28	31	13	39	2914
genic	GD	58	32	23	42	30	14	42	3157
genic	GD	59	22	17	24	16	5	27	1760
genic	GD	60	33	20	26	28	6	47	2935
genic	GD	61	35	20	39	33	15	43	3349
genic	GD	62	33	17	28	22	10	32	2830
genic	GD	63	32	16	31	34	12	42	2829
genic	GD	64	27	18	26	23	11	30	2600
genic	GD	65	30	29	29	26	9	53	3175
genic	GD	66	20	12	20	14	10	25	2379
genic	GD	67	24	16	27	26	11	38	2311
genic	GD	68	31	20	36	36	11	44	2864
genic	GD	69	5	0	3	4	1	1	269
genic	GD	70	35	19	33	22	12	41	2884
genic	GD	71	9	5	12	13	5	20	1418
genic	GD	72	20	17	30	24	10	34	2805
genic	GD	73	25	19	34	24	12	36	2582
genic	GD	74	19	16	20	16	11	35	1892
genic	GD	75	33	29	43	35	11	38	3196
genic	GD	76	23	9	17	19	9	32	2222
genic	GD	77	16	9	19	17	11	21	2213
genic	GD	78	24	24	37	31	16	46	2979
genic	GD	79	39	21	37	27	18	30	3344
genic	GD	80	29	17	27	31	10	36	2689
genic	GD	81	16	10	19	13	3	18	1284
genic	GD	82	27	18	29	21	9	31	2438
genic	GD	83	21	12	22	13	9	22	1981
genic	GD	84	30	17	35	31	12	38	2650
genic	GD	85	20	15	23	23	8	30	1732
genic	GD	86	33	27	37	34	15	48	3522
genic	GD	87	23	21	35	28	21	41	3196
genic	GD	88	14	12	18	24	7	37	2330
genic	GD	89	29	24	31	28	16	39	2565
genic	GD	90	38	25	37	30	15	35	2955
genic	GD	91	32	22	41	23	14	36	3134
genic	GD	92	26	21	26	30	8	36	2435
genic	GD	93	32	19	39	36	14	45	2901
genic	GD	94	23	22	29	29	14	31	2570
genic	GD	95	22	18	25	21	6	24	2268
genic	GD	96	21	20	25	19	11	35	2296
genic	GD	97	23	19	29	28	11	35	2667
genic	GD	98	33	12	26	32	14	42	2551
genic	GD	99	22	10	24	19	9	26	2388
genic	GD	100	28	22	30	24	12	33	2575
genic	GD	101	36	19	40	42	13	45	3201
genic	GD	102	27	18	35	25	16	44	2942
genic	GD	103	21	14	30	26	19	30	2772
genic	GD	104	20	19	22	17	8	21	1950
genic	GD	105	35	21	36	39	15	43	2980
genic	GD	106	29	20	31	31	11	36	2872
genic	GD	107	31	20	32	25	14	59	3257
genic	GD	108	27	16	36	27	7	40	2748
genic	GD	109	15	11	12	16	5	24	1423
genic	GD	110	23	25	33	28	12	42	2746
genic	GD	111	21	19	22	16	9	23	1749
genic	GD	112	24	24	33	28	9	29	2543
genic	GD	113	17	18	26	19	6	28	1966
genic	GD	114	30	21	33	25	16	44	2935
genic	GD	115	12	14	12	15	8	18	1208
genic	GD	116	35	19	35	36	12	45	2991
genic	GD	117	21	13	18	18	5	26	1705
genic	GD	118	25	8	22	18	8	25	2119
genic	GD	119	16	10	17	17	8	20	2089
genic	GD	120	33	22	34	36	15	42	3054
genic	GD	121	23	21	28	29	16	31	2542
genic	GD	122	31	22	33	25	13	42	3100
genic	GD	123	10	5	20	13	9	28	1882
genic	GD	124	22	7	20	15	7	17	1814
genic	GD	125	28	25	40	32	17	50	3522
genic	GD	126	24	19	18	18	11	34	2714
genic	GD	127	35	31	29	32	16	45	3254
genic	GD	128	29	25	37	25	18	41	2911
genic	GD	129	34	25	37	28	17	59	3118
genic	GD	130	33	27	32	26	9	33	2867
genic	GD	131	26	20	26	27	5	38	2384
genic	GD	132	24	13	29	24	9	36	2641
genic	GD	133	25	23	31	22	14	35	2522
genic	GD	134	37	27	35	25	11	39	3387
genic	GD	135	33	22	38	24	17	46	2607
genic	GD	136	15	8	7	12	8	22	1525
genic	GD	137	28	23	27	31	13	31	2583
genic	GD	138	21	16	32	19	12	37	2585
genic	GD	139	26	14	29	17	8	32	1941
genic	GD	140	41	19	42	34	13	56	3540
genic	GD	141	32	21	29	32	12	36	2901
genic	GD	142	31	21	35	27	9	42	2881
genic	GD	143	28	20	32	22	18	33	2771
genic	GD	144	27	19	28	19	10	30	2404
genic	GD	145	31	30	43	29	24	49	3564
genic	GD	146	26	19	34	22	12	38	2997
genic	GD	147	23	17	23	22	7	34	2138
genic	GD	148	43	27	26	27	18	50	3368
genic	GD	149	30	19	33	30	12	39	3040
genic	GD	150	26	18	31	24	9	38	2514
genic	GD	151	6	11	10	11	2	13	930
genic	GD	152	34	21	39	35	13	46	2971
genic	GD	153	37	26	38	33	20	43	3567
genic	GD	154	28	22	24	29	9	40	3050
genic	GD	155	34	24	31	35	15	43	3134
genic	GD	156	13	10	18	12	4	21	1272
genic	GD	157	28	23	35	25	11	46	2919
genic	GD	158	25	15	23	21	10	29	2059
genic	GD	159	20	17	32	20	12	36	2536
genic	GD	160	22	16	29	22	9	39	2791
genic	GD	161	31	26	26	27	13	41	2911
genic	GD	162	23	24	29	25	14	36	2771
genic	GD	163	30	25	35	29	11	36	2710
genic	GD	164	29	17	30	29	10	35	2641
genic	GD	165	28	26	42	33	17	60	3712
genic	GD	166	31	19	34	36	12	44	2892
genic	GD	167	24	26	32	20	15	30	2714
genic	GD	168	30	27	35	20	11	34	2703
genic	GD	169	34	27	30	30	6	37	2839
genic	GD	170	30	20	33	26	9	37	2584
genic	GD	171	35	26	42	26	17	45	3255
genic	GD	172	27	21	37	26	12	43	2993
genic	GD	173	31	20	35	26	13	40	2812
genic	GD	174	36	34	38	31	19	54	3859
genic	GD	175	21	19	31	21	9	35	2436
genic	GD	176	38	29	43	21	15	40	3162
genic	GD	177	28	18	39	34	13	42	2967
genic	GD	178	38	22	34	30	14	50	3064
genic	GD	179	44	22	36	29	20	58	3330
genic	GD	180	24	23	35	20	16	33	2784
genic	GD	181	37	18	33	32	12	43	2978
genic	GD	182	34	30	32	30	8	43	2864
genic	GD	183	33	29	29	24	13	37	3057
genic	GD	184	26	16	24	23	12	36	2280
genic	GD	185	26	33	31	25	13	32	2937
genic	GD	186	31	20	33	22	19	44	3006
genic	GD	187	35	19	35	27	12	41	2917
genic	GD	188	25	15	28	20	6	38	2189
genic	GD	189	17	10	15	11	4	14	1310
genic	GD	190	28	24	23	23	9	38	2667
genic	GD	191	29	18	34	20	9	33	2468
genic	GD	192	26	23	35	36	14	40	2882
genic	GD	193	14	8	20	19	5	25	1460
genic	GD	194	29	20	37	25	18	47	3254
genic	GD	195	20	19	21	23	7	31	2484
genic	GD	196	37	35	43	31	13	59	3975
genic	GD	197	27	18	32	33	12	46	3036
genic	GD	198	21	16	18	18	9	31	1985
genic	GD	199	24	16	14	20	8	27	2242
genic	GD	200	27	20	33	22	12	35	2491
genic	GD	201	11	5	13	11	3	17	1358
genic	GD	202	28	22	32	25	14	39	2922
genic	GD	203	24	20	31	20	10	32	2593
genic	GD	204	28	15	39	36	12	50	3190
genic	GD	205	30	20	33	29	13	44	2908
genic	GD	206	30	20	39	27	17	50	2763
genic	GD	207	11	8	9	10	2	17	917
genic	GD	208	26	14	32	17	9	26	2063
genic	GD	209	20	26	30	20	14	27	2737
genic	GD	210	25	23	40	36	14	60	3679
genic	GD	211	16	20	22	19	8	32	1984
genic	GD	212	29	30	39	31	13	39	2989
genic	GD	213	13	12	12	14	8	20	1269
genic	GD	214	20	13	20	25	9	26	1854
genic	GD	215	19	17	19	17	11	26	1739
genic	GD	216	19	21	26	18	8	28	2020
genic	GD	217	29	21	39	27	14	35	3178
genic	GD	218	27	22	37	22	9	36	2998
genic	GD	219	23	17	23	21	7	33	2107
genic	GD	220	30	22	43	24	8	36	2850
genic	GD	221	32	26	40	37	13	40	3176
genic	GD	222	29	16	30	24	10	37	2418
genic	GD	223	19	22	28	24	12	36	2414
genic	GD	224	32	20	36	36	13	41	2902
genic	GD	225	28	24	37	30	12	36	2879
genic	GD	226	20	15	26	23	3	29	2130
genic	GD	227	28	16	31	23	13	40	2589
genic	GD	228	38	23	45	26	18	46	2928
genic	GD	229	20	11	19	18	6	27	1653
genic	GD	230	18	13	15	18	7	22	1617
genic	GD	231	36	18	27	27	11	47	2899
genic	GD	232	24	20	33	28	21	43	2968
genic	GD	233	27	22	41	36	13	45	3160
genic	GD	234	22	20	22	19	4	31	2103
genic	GD	235	31	21	27	24	13	35	2802
genic	GD	236	26	22	36	20	11	38	2921
genic	GD	237	34	21	32	30	22	46	3423
genic	GD	238	38	19	24	23	11	31	2872
genic	GD	239	28	16	28	20	11	36	2368
genic	GD	240	9	3	16	10	4	13	1092
nongenic	GD	1	65	33	79	52	16	61	6439
nongenic	GD	2	144	86	160	132	64	146	12613
nongenic	GD	3	106	55	83	83	40	81	6981
nongenic	GD	4	59	35	65	50	21	64	5656
nongenic	GD	5	82	38	78	63	31	83	6160
nongenic	GD	6	107	54	91	77	32	96	7523
nongenic	GD	7	145	92	136	125	53	123	10931
nongenic	GD	8	98	52	108	86	35	96	8141
nongenic	GD	9	126	63	123	93	49	132	10953
nongenic	GD	10	67	32	60	48	23	88	5897
nongenic	GD	11	125	69	125	94	47	115	10241
nongenic	GD	12	72	38	64	58	24	64	5040
nongenic	GD	13	107	43	103	88	42	104	9068
nongenic	GD	14	138	74	115	106	48	109	10106
nongenic	GD	15	136	66	115	96	55	129	11375
nongenic	GD	16	111	64	125	96	46	101	10416
nongenic	GD	17	120	53	122	76	47	111	9609
nongenic	GD	18	127	53	128	110	49	124	11882
nongenic	GD	19	92	57	100	79	32	73	7194
nongenic	GD	20	115	60	107	87	44	110	8575
nongenic	GD	21	126	63	107	107	53	111	10375
nongenic	GD	22	95	51	91	85	41	91	8591
nongenic	GD	23	43	20	40	36	18	38	3040
nongenic	GD	24	80	44	70	61	33	80	6665
nongenic	GD	25	111	56	112	85	40	106	8709
nongenic	GD	26	115	48	98	103	36	83	7740
nongenic	GD	27	75	38	60	55	28	67	4971
nongenic	GD	28	79	46	73	58	39	74	6326
nongenic	GD	29	131	68	142	121	46	112	11040
nongenic	GD	30	70	41	66	59	27	67	5185
nongenic	GD	31	105	54	100	86	43	81	9292
nongenic	GD	32	99	59	131	106	35	105	11056
nongenic	GD	33	109	65	144	105	40	150	12131
nongenic	GD	34	108	54	116	94	41	87	8079
nongenic	GD	35	105	71	83	80	53	97	7419
nongenic	GD	36	94	47	105	80	30	99	8146
nongenic	GD	37	102	64	108	83	41	108	8551
nongenic	GD	38	35	18	30	25	15	39	2727
nongenic	GD	39	98	31	84	88	31	104	8224
nongenic	GD	40	116	75	140	101	47	145	12264
nongenic	GD	41	77	40	60	50	30	51	5042
nongenic	GD	42	128	60	131	82	46	125	10426
nongenic	GD	43	95	45	108	92	42	97	9044
nongenic	GD	44	137	64	119	108	46	141	11294
nongenic	GD	45	122	68	90	83	39	101	8465
nongenic	GD	46	90	51	72	71	33	79	5814
nongenic	GD	47	98	61	111	82	40	105	9001
nongenic	GD	48	141	72	149	110	49	133	11039
nongenic	GD	49	54	31	63	57	22	56	5772
nongenic	GD	50	75	41	69	49	30	62	5732
nongenic	GD	51	65	38	67	56	27	68	4925
nongenic	GD	52	120	63	137	115	47	126	11180
nongenic	GD	53	91	51	93	81	33	94	8385
nongenic	GD	54	95	47	105	77	33	102	8395
nongenic	GD	55	125	63	133	106	49	136	10477
nongenic	GD	56	65	39	85	72	36	68	6361
nongenic	GD	57	119	54	110	86	44	120	10024
nongenic	GD	58	126	70	137	118	50	124	11755
nongenic	GD	59	71	42	72	59	31	65	5836
nongenic	GD	60	119	59	110	96	44	121	10130
nongenic	GD	61	147	73	139	122	60	131	12371
nongenic	GD	62	126	58	119	64	37	118	9927
nongenic	GD	63	102	61	109	87	39	109	9508
nongenic	GD	64	115	49	114	77	43	98	8963
nongenic	GD	65	134	76	148	110	47	121	11884
nongenic	GD	66	94	60	124	85	40	94	8513
nongenic	GD	67	72	43	83	61	18	76	7127
nongenic	GD	68	107	70	117	91	43	109	9885
nongenic	GD	69	20	17	10	18	11	20	1487
nongenic	GD	70	110	57	105	84	40	104	8504
nongenic	GD	71	65	29	65	52	31	51	5305
nongenic	GD	72	96	56	112	82	36	98	8709
nongenic	GD	73	83	53	83	79	45	89	6710
nongenic	GD	74	75	32	66	54	23	70	4988
nongenic	GD	75	138	71	124	102	56	129	10263
nongenic	GD	76	81	37	119	76	32	85	7520
nongenic	GD	77	89	33	96	73	30	87	7040
nongenic	GD	78	115	67	138	101	61	125	11086
nongenic	GD	79	129	76	144	117	59	148	12292
nongenic	GD	80	93	50	94	74	28	96	8975
nongenic	GD	81	73	39	56	51	27	53	4974
nongenic	GD	82	133	54	114	107	40	123	9735
nongenic	GD	83	70	39	79	63	29	81	6414
nongenic	GD	84	108	58	110	82	40	102	8952
nongenic	GD	85	68	38	50	49	33	62	5890
nongenic	GD	86	150	81	154	105	54	158	12428
nongenic	GD	87	184	91	181	134	58	147	13273
nongenic	GD	88	101	56	120	89	49	91	7517
nongenic	GD	89	115	65	117	95	42	94	9261
nongenic	GD	90	112	61	96	70	40	109	8008
nongenic	GD	91	100	56	112	92	40	117	10654
nongenic	GD	92	100	50	117	81	32	86	8080
nongenic	GD	93	127	68	126	96	41	112	10197
nongenic	GD	94	95	67	99	79	44	93	8239
nongenic	GD	95	109	55	109	96	34	95	8660
nongenic	GD	96	104	66	121	98	42	96	9171
nongenic	GD	97	96	66	100	81	38	99	9080
nongenic	GD	98	100	55	109	85	48	104	8237
nongenic	GD	99	115	60	129	98	47	111	9265
nongenic	GD	100	147	77	116	117	52	112	10042
nongenic	GD	101	130	73	137	102	45	134	11212
nongenic	GD	102	111	60	139	100	50	128	10551
nongenic	GD	103	129	77	116	117	55	139	10847
nongenic	GD	104	59	40	64	55	26	69	5486
nongenic	GD	105	139	71	123	103	44	119	10444
nongenic	GD	106	102	53	117	76	40	107	9254
nongenic	GD	107	130	71	134	112	58	125	11893
nongenic	GD	108	124	70	131	86	51	112	10585
nongenic	GD	109	60	35	43	39	25	55	4637
nongenic	GD	110	105	58	111	90	45	117	9471
nongenic	GD	111	80	44	66	65	42	77	6085
nongenic	GD	112	124	60	115	97	40	116	9812
nongenic	GD	113	63	35	66	45	21	64	5347
nongenic	GD	114	125	66	114	106	55	101	10189
nongenic	GD	115	34	24	31	27	10	26	2273
nongenic	GD	116	126	77	123	98	43	120	10481
nongenic	GD	117	80	31	60	52	30	79	5929
nongenic	GD	118	75	37	89	64	26	69	5792
nongenic	GD	119	91	44	87	74	36	82	6320
nongenic	GD	120	125	66	126	102	52	125	12047
nongenic	GD	121	96	65	98	80	45	98	8147
nongenic	GD	122	131	64	113	102	39	134	10836
nongenic	GD	123	58	34	74	41	24	62	5867
nongenic	GD	124	84	44	84	69	38	74	6921
nongenic	GD	125	136	77	132	108	50	133	11904
nongenic	GD	126	100	40	86	73	33	108	8452
nongenic	GD	127	118	70	126	106	42	131	10994
nongenic	GD	128	102	59	120	83	42	94	8549
nongenic	GD	129	125	69	126	109	65	127	11606
nongenic	GD	130	100	46	112	78	39	99	10078
nongenic	GD	131	88	48	85	65	27	82	7459
nongenic	GD	132	104	63	89	82	46	99	7935
nongenic	GD	133	80	53	91	71	34	82	8557
nongenic	GD	134	161	76	137	119	68	154	12581
nongenic	GD	135	97	57	83	64	34	77	6454
nongenic	GD	136	78	44	78	58	43	47	4952
nongenic	GD	137	103	56	88	76	34	98	7437
nongenic	GD	138	90	34	86	64	32	100	7630
nongenic	GD	139	69	36	66	51	25	72	5578
nongenic	GD	140	132	87	143	107	59	154	12366
nongenic	GD	141	115	67	122	104	36	104	8914
nongenic	GD	142	101	76	107	107	38	100	9946
nongenic	GD	143	132	65	114	121	47	104	10379
nongenic	GD	144	100	37	93	89	34	92	7988
nongenic	GD	145	144	74	132	117	45	160	12400
nongenic	GD	146	146	87	146	110	50	146	12274
nongenic	GD	147	102	57	107	72	45	81	8164
nongenic	GD	148	146	66	124	107	56	132	11979
nongenic	GD	149	99	67	112	81	38	116	9311
nongenic	GD	150	120	61	120	94	42	103	9598
nongenic	GD	151	32	20	32	26	13	37	2811
nongenic	GD	152	124	76	130	99	44	117	10647
nongenic	GD	153	137	83	131	118	61	159	12718
nongenic	GD	154	108	69	126	110	36	132	10446
nongenic	GD	155	103	66	108	95	40	120	10731
nongenic	GD	156	55	34	55	48	25	62	4806
nongenic	GD	157	110	69	111	97	42	98	10210
nongenic	GD	158	77	37	84	65	28	77	6151
nongenic	GD	159	88	47	93	72	34	96	7347
nongenic	GD	160	118	57	102	85	40	104	9276
nongenic	GD	161	132	73	124	94	51	117	8592
nongenic	GD	162	109	57	114	89	39	121	9163
nongenic	GD	163	115	53	106	86	38	100	8488
nongenic	GD	164	115	76	114	87	50	95	8449
nongenic	GD	165	150	82	150	116	61	168	13262
nongenic	GD	166	111	68	126	93	43	113	9957
nongenic	GD	167	147	77	127	113	45	122	10959
nongenic	GD	168	126	51	112	100	35	107	9324
nongenic	GD	169	93	54	113	97	35	108	9320
nongenic	GD	170	79	51	120	92	31	98	8677
nongenic	GD	171	120	70	120	101	43	142	11017
nongenic	GD	172	146	82	141	123	50	115	11468
nongenic	GD	173	116	71	123	103	54	132	10852
nongenic	GD	174	166	81	167	134	66	152	13865
nongenic	GD	175	91	57	106	80	39	91	7291
nongenic	GD	176	137	63	128	101	55	139	10833
nongenic	GD	177	127	77	130	115	53	127	11270
nongenic	GD	178	133	80	141	96	58	125	10579
nongenic	GD	179	170	83	165	112	62	157	13452
nongenic	GD	180	128	64	121	97	48	117	9932
nongenic	GD	181	144	69	141	118	52	136	12138
nongenic	GD	182	93	54	113	75	39	85	7757
nongenic	GD	183	130	76	133	115	52	125	10915
nongenic	GD	184	85	55	66	63	34	69	6377
nongenic	GD	185	115	56	111	89	51	104	8361
nongenic	GD	186	99	68	114	87	28	117	9851
nongenic	GD	187	155	63	150	120	57	135	11618
nongenic	GD	188	71	47	83	70	23	75	6576
nongenic	GD	189	56	25	59	33	19	51	4762
nongenic	GD	190	106	63	103	102	42	101	9021
nongenic	GD	191	97	38	94	84	32	96	7940
nongenic	GD	192	114	64	114	106	46	121	9126
nongenic	GD	193	66	38	51	44	26	80	5628
nongenic	GD	194	124	64	123	92	50	123	10699
nongenic	GD	195	96	46	82	84	34	96	8424
nongenic	GD	196	174	92	169	146	69	166	14559
nongenic	GD	197	144	83	132	114	49	127	11089
nongenic	GD	198	94	46	91	69	31	74	7437
nongenic	GD	199	78	47	76	63	38	75	5862
nongenic	GD	200	126	54	123	101	42	114	10620
nongenic	GD	201	74	45	86	66	39	67	6360
nongenic	GD	202	113	56	111	96	40	114	9722
nongenic	GD	203	119	52	112	107	42	117	9919
nongenic	GD	204	134	64	144	126	54	128	12705
nongenic	GD	205	143	69	139	109	49	128	11011
nongenic	GD	206	116	58	79	79	42	99	7525
nongenic	GD	207	41	22	28	29	18	32	3205
nongenic	GD	208	62	35	72	57	17	71	5574
nongenic	GD	209	106	40	105	89	40	108	9220
nongenic	GD	210	145	79	158	115	57	165	13236
nongenic	GD	211	65	37	63	67	29	57	5855
nongenic	GD	212	127	68	91	94	52	99	7987
nongenic	GD	213	37	24	35	35	15	29	2640
nongenic	GD	214	96	56	78	68	34	76	6903
nongenic	GD	215	56	36	54	39	21	54	4229
nongenic	GD	216	91	46	64	68	44	82	6620
nongenic	GD	217	140	66	126	122	54	148	11395
nongenic	GD	218	117	60	147	78	37	110	10320
nongenic	GD	219	105	55	101	71	44	76	8048
nongenic	GD	220	121	65	132	106	43	103	10273
nongenic	GD	221	138	72	131	114	47	121	11194
nongenic	GD	222	101	61	92	75	38	90	7878
nongenic	GD	223	100	38	101	74	32	77	8084
nongenic	GD	224	119	69	126	98	41	118	10442
nongenic	GD	225	122	57	127	107	39	122	10213
nongenic	GD	226	93	46	67	78	42	100	7534
nongenic	GD	227	98	53	101	76	38	109	8630
nongenic	GD	228	105	62	108	85	35	96	8268
nongenic	GD	229	58	26	60	56	28	69	5306
nongenic	GD	230	57	35	56	44	19	45	5313
nongenic	GD	231	139	78	126	115	44	124	10230
nongenic	GD	232	96	64	111	97	47	105	10042
nongenic	GD	233	133	69	135	108	49	118	11546
nongenic	GD	234	88	51	81	77	31	72	7093
nongenic	GD	235	94	32	88	64	35	119	8805
nongenic	GD	236	120	51	128	74	39	107	9799
nongenic	GD	237	121	67	128	94	47	146	11158
nongenic	GD	238	132	56	129	119	55	121	10924
nongenic	GD	239	81	52	78	63	30	81	6990
nongenic	GD	240	63	31	51	43	23	48	4192
genic_peri	GD	1	8	4	3	2	2	6	370
genic_peri	GD	2	8	5	8	8	1	8	671
genic_peri	GD	3	7	5	5	7	3	5	426
genic_peri	GD	4	4	3	4	8	2	3	319
genic_peri	GD	5	6	3	8	3	3	8	440
genic_peri	GD	6	11	5	5	5	3	4	507
genic_peri	GD	7	14	5	6	12	4	12	741
genic_peri	GD	8	5	0	4	9	2	7	470
genic_peri	GD	9	5	7	6	9	3	6	572
genic_peri	GD	10	7	1	5	3	0	2	364
genic_peri	GD	11	6	8	14	11	3	10	667
genic_peri	GD	12	5	4	6	3	4	3	375
genic_peri	GD	13	7	2	8	8	3	6	525
genic_peri	GD	14	6	5	8	6	3	9	550
genic_peri	GD	15	6	7	6	9	0	10	594
genic_peri	GD	16	10	6	5	13	4	7	592
genic_peri	GD	17	7	5	9	6	3	5	537
genic_peri	GD	18	11	4	8	8	1	4	683
genic_peri	GD	19	4	5	10	5	3	5	512
genic_peri	GD	20	9	4	5	7	2	4	503
genic_peri	GD	21	11	7	7	8	2	5	768
genic_peri	GD	22	4	5	8	6	2	7	538
genic_peri	GD	23	6	1	5	2	1	3	232
genic_peri	GD	24	3	4	8	5	3	6	411
genic_peri	GD	25	9	4	12	7	4	7	566
genic_peri	GD	26	7	4	10	8	3	6	537
genic_peri	GD	27	7	3	8	2	4	4	395
genic_peri	GD	28	6	3	4	5	1	7	352
genic_peri	GD	29	12	3	11	8	2	9	682
genic_peri	GD	30	6	3	8	2	2	4	411
genic_peri	GD	31	6	3	6	9	3	8	581
genic_peri	GD	32	12	3	11	8	3	10	641
genic_peri	GD	33	10	6	12	11	5	6	715
genic_peri	GD	34	8	7	8	8	3	5	483
genic_peri	GD	35	9	8	6	7	5	7	599
genic_peri	GD	36	5	1	6	10	2	6	474
genic_peri	GD	37	4	6	11	8	2	9	549
genic_peri	GD	38	1	0	3	3	0	1	194
genic_peri	GD	39	6	5	2	5	3	10	486
genic_peri	GD	40	9	6	10	10	5	9	657
genic_peri	GD	41	5	2	6	5	2	4	293
genic_peri	GD	42	10	3	11	10	4	12	650
genic_peri	GD	43	7	3	10	9	5	9	608
genic_peri	GD	44	7	4	9	6	3	9	635
genic_peri	GD	45	7	3	8	7	3	4	446
genic_peri	GD	46	8	3	9	4	3	4	425
genic_peri	GD	47	7	5	9	7	1	3	422
genic_peri	GD	48	11	7	7	9	3	4	625
genic_peri	GD	49	4	3	4	8	2	4	322
genic_peri	GD	50	1	5	3	5	2	4	334
genic_peri	GD	51	6	3	8	2	3	4	390
genic_peri	GD	52	12	6	7	7	2	8	623
genic_peri	GD	53	11	2	4	9	2	3	469
genic_peri	GD	54	6	2	5	7	5	6	479
genic_peri	GD	55	8	8	9	6	4	6	635
genic_peri	GD	56	5	2	9	4	5	3	378
genic_peri	GD	57	8	4	10	6	4	7	528
genic_peri	GD	58	13	7	8	11	7	10	714
genic_peri	GD	59	6	3	5	4	2	3	368
genic_peri	GD	60	6	4	8	7	2	6	602
genic_peri	GD	61	8	5	15	11	6	8	768
genic_peri	GD	62	9	4	7	6	3	6	592
genic_peri	GD	63	7	6	9	7	2	8	561
genic_peri	GD	64	6	6	5	4	1	3	464
genic_peri	GD	65	10	6	9	10	5	12	718
genic_peri	GD	66	8	1	6	4	1	6	453
genic_peri	GD	67	3	5	4	5	2	7	414
genic_peri	GD	68	5	6	11	9	3	10	601
genic_peri	GD	69	2	0	1	1	0	0	70
genic_peri	GD	70	8	3	9	10	1	11	556
genic_peri	GD	71	4	1	6	7	0	2	271
genic_peri	GD	72	2	3	10	5	3	6	495
genic_peri	GD	73	5	5	11	7	5	6	548
genic_peri	GD	74	6	3	7	3	2	5	380
genic_peri	GD	75	7	8	12	8	2	6	630
genic_peri	GD	76	7	3	5	4	5	6	457
genic_peri	GD	77	6	2	5	7	5	6	413
genic_peri	GD	78	5	4	11	12	3	8	604
genic_peri	GD	79	13	7	11	10	4	6	751
genic_peri	GD	80	6	4	7	5	3	8	517
genic_peri	GD	81	5	2	5	5	2	5	288
genic_peri	GD	82	7	5	7	7	2	3	551
genic_peri	GD	83	8	2	7	2	2	1	413
genic_peri	GD	84	6	5	11	8	2	10	564
genic_peri	GD	85	4	4	5	10	3	7	381
genic_peri	GD	86	11	12	11	12	2	11	762
genic_peri	GD	87	9	5	11	9	4	10	782
genic_peri	GD	88	4	1	4	7	4	5	447
genic_peri	GD	89	10	8	7	10	5	11	636
genic_peri	GD	90	12	6	7	9	6	5	553
genic_peri	GD	91	8	4	10	9	6	8	622
genic_peri	GD	92	6	5	8	8	4	8	462
genic_peri	GD	93	8	5	12	9	2	10	616
genic_peri	GD	94	9	5	8	6	3	5	471
genic_peri	GD	95	7	4	7	7	1	5	566
genic_peri	GD	96	5	5	6	4	3	7	532
genic_peri	GD	97	7	3	6	5	2	6	487
genic_peri	GD	98	8	3	7	9	4	8	538
genic_peri	GD	99	7	3	9	7	4	6	505
genic_peri	GD	100	11	6	8	6	2	7	586
genic_peri	GD	101	7	6	12	9	3	10	653
genic_peri	GD	102	5	3	8	7	3	7	541
genic_peri	GD	103	11	5	10	9	4	5	651
genic_peri	GD	104	4	4	7	5	2	5	403
genic_peri	GD	105	8	7	11	11	4	10	682
genic_peri	GD	106	6	2	10	7	3	6	521
genic_peri	GD	107	11	6	8	10	3	13	736
genic_peri	GD	108	9	5	9	7	2	9	682
genic_peri	GD	109	3	3	5	3	2	4	297
genic_peri	GD	110	4	5	7	9	4	4	582
genic_peri	GD	111	7	5	3	4	3	5	418
genic_peri	GD	112	8	6	12	8	4	6	591
genic_peri	GD	113	6	4	4	4	2	3	360
genic_peri	GD	114	14	3	11	10	4	11	733
genic_peri	GD	115	4	3	4	4	2	4	279
genic_peri	GD	116	8	5	12	9	3	10	634
genic_peri	GD	117	4	2	8	4	1	3	355
genic_peri	GD	118	5	2	5	8	3	5	399
genic_peri	GD	119	7	2	6	6	5	3	391
genic_peri	GD	120	11	4	11	12	4	8	680
genic_peri	GD	121	8	5	8	5	3	5	466
genic_peri	GD	122	8	4	9	5	3	8	603
genic_peri	GD	123	2	0	2	4	4	5	291
genic_peri	GD	124	10	2	5	3	4	4	416
genic_peri	GD	125	5	6	8	4	7	11	626
genic_peri	GD	126	7	4	5	4	2	7	510
genic_peri	GD	127	7	5	7	8	8	8	589
genic_peri	GD	128	8	9	8	8	4	5	571
genic_peri	GD	129	8	10	8	10	7	13	739
genic_peri	GD	130	7	5	10	7	2	4	568
genic_peri	GD	131	8	2	7	6	1	5	409
genic_peri	GD	132	6	2	6	8	6	8	576
genic_peri	GD	133	6	5	7	3	3	10	499
genic_peri	GD	134	14	7	11	8	3	9	839
genic_peri	GD	135	9	3	10	6	6	11	512
genic_peri	GD	136	5	3	4	6	3	2	314
genic_peri	GD	137	9	4	7	8	2	3	489
genic_peri	GD	138	7	2	9	5	3	5	461
genic_peri	GD	139	6	3	6	3	2	5	358
genic_peri	GD	140	14	6	9	11	5	10	748
genic_peri	GD	141	9	5	4	10	4	6	642
genic_peri	GD	142	9	6	9	6	1	7	530
genic_peri	GD	143	9	5	12	6	5	8	725
genic_peri	GD	144	10	2	10	6	3	3	520
genic_peri	GD	145	9	6	10	6	7	10	675
genic_peri	GD	146	8	6	11	5	4	8	700
genic_peri	GD	147	7	4	9	5	2	6	557
genic_peri	GD	148	9	7	4	11	3	10	687
genic_peri	GD	149	8	4	7	10	5	7	554
genic_peri	GD	150	8	6	9	5	2	5	599
genic_peri	GD	151	2	4	0	5	0	2	168
genic_peri	GD	152	9	7	13	9	3	10	650
genic_peri	GD	153	11	8	7	12	6	10	716
genic_peri	GD	154	12	8	4	7	1	10	633
genic_peri	GD	155	10	5	5	11	6	8	601
genic_peri	GD	156	3	1	7	2	1	4	288
genic_peri	GD	157	7	6	11	7	2	13	629
genic_peri	GD	158	3	4	7	5	3	7	424
genic_peri	GD	159	4	5	8	3	4	7	442
genic_peri	GD	160	7	3	9	7	4	5	495
genic_peri	GD	161	10	6	6	9	4	9	663
genic_peri	GD	162	10	5	9	8	3	8	524
genic_peri	GD	163	8	7	10	7	2	5	593
genic_peri	GD	164	8	3	9	8	3	10	597
genic_peri	GD	165	9	7	13	14	5	13	817
genic_peri	GD	166	5	6	10	9	3	10	588
genic_peri	GD	167	5	8	12	8	4	5	656
genic_peri	GD	168	11	5	12	6	4	2	575
genic_peri	GD	169	6	5	4	6	3	7	492
genic_peri	GD	170	12	7	8	9	4	7	523
genic_peri	GD	171	10	8	14	2	7	9	690
genic_peri	GD	172	9	6	10	10	4	11	750
genic_peri	GD	173	8	4	9	9	3	6	541
genic_peri	GD	174	11	11	10	9	5	13	807
genic_peri	GD	175	6	2	8	5	4	5	417
genic_peri	GD	176	8	8	12	4	3	5	600
genic_peri	GD	177	7	6	12	9	2	9	704
genic_peri	GD	178	13	7	9	11	6	10	724
genic_peri	GD	179	15	8	10	10	6	16	804
genic_peri	GD	180	11	6	11	4	4	7	678
genic_peri	GD	181	14	3	6	9	4	10	693
genic_peri	GD	182	8	8	7	10	2	11	543
genic_peri	GD	183	11	9	10	8	3	7	697
genic_peri	GD	184	5	3	9	7	4	7	414
genic_peri	GD	185	10	8	11	8	6	5	625
genic_peri	GD	186	10	2	9	5	5	6	540
genic_peri	GD	187	11	3	7	10	3	10	577
genic_peri	GD	188	5	5	4	5	1	7	452
genic_peri	GD	189	5	0	3	5	1	3	224
genic_peri	GD	190	9	6	5	3	3	8	552
genic_peri	GD	191	9	4	9	5	2	3	510
genic_peri	GD	192	6	9	10	11	5	9	580
genic_peri	GD	193	3	2	5	8	2	4	300
genic_peri	GD	194	7	1	8	8	3	11	567
genic_peri	GD	195	10	7	4	6	3	7	432
genic_peri	GD	196	13	10	13	10	4	13	899
genic_peri	GD	197	7	8	8	11	2	11	587
genic_peri	GD	198	6	4	3	4	2	7	493
genic_peri	GD	199	9	4	3	6	2	5	432
genic_peri	GD	200	9	4	9	7	5	8	652
genic_peri	GD	201	4	1	6	6	1	5	328
genic_peri	GD	202	7	3	8	5	2	7	568
genic_peri	GD	203	7	4	8	4	3	5	589
genic_peri	GD	204	12	5	14	14	5	15	755
genic_peri	GD	205	11	5	11	9	4	9	677
genic_peri	GD	206	12	6	12	9	8	15	564
genic_peri	GD	207	1	2	1	5	2	4	199
genic_peri	GD	208	5	2	7	3	2	2	326
genic_peri	GD	209	9	5	12	9	4	5	645
genic_peri	GD	210	6	6	12	14	4	14	805
genic_peri	GD	211	4	6	4	7	2	6	404
genic_peri	GD	212	8	8	11	9	3	8	610
genic_peri	GD	213	4	3	3	4	2	4	302
genic_peri	GD	214	5	4	7	8	1	7	448
genic_peri	GD	215	6	5	6	3	3	3	359
genic_peri	GD	216	4	6	10	5	3	6	474
genic_peri	GD	217	8	5	14	7	4	4	702
genic_peri	GD	218	7	3	10	6	3	6	589
genic_peri	GD	219	7	4	8	4	2	6	547
genic_peri	GD	220	5	5	12	7	3	5	548
genic_peri	GD	221	7	8	11	9	3	11	640
genic_peri	GD	222	5	4	9	7	3	8	513
genic_peri	GD	223	4	6	6	8	3	8	508
genic_peri	GD	224	7	6	10	9	3	10	639
genic_peri	GD	225	6	5	9	6	2	4	580
genic_peri	GD	226	6	3	9	4	2	4	432
genic_peri	GD	227	8	3	11	4	4	6	480
genic_peri	GD	228	10	3	13	7	7	11	581
genic_peri	GD	229	6	2	8	5	1	6	357
genic_peri	GD	230	4	3	2	3	2	3	290
genic_peri	GD	231	13	4	9	10	2	12	668
genic_peri	GD	232	6	4	10	7	6	8	567
genic_peri	GD	233	8	3	9	12	3	11	695
genic_peri	GD	234	5	5	5	6	1	7	477
genic_peri	GD	235	6	2	9	6	3	3	584
genic_peri	GD	236	7	4	13	8	3	11	625
genic_peri	GD	237	8	3	7	12	7	6	634
genic_peri	GD	238	8	6	9	4	2	7	647
genic_peri	GD	239	5	3	8	5	4	7	434
genic_peri	GD	240	6	0	4	2	1	3	215
genic_nonperi	GD	1	15	6	15	15	4	22	1428
genic_nonperi	GD	2	20	16	28	15	10	30	2318
genic_nonperi	GD	3	20	13	12	12	9	16	1694
genic_nonperi	GD	4	6	12	13	6	3	21	1089
genic_nonperi	GD	5	12	11	12	10	5	27	1457
genic_nonperi	GD	6	20	20	24	17	6	30	2195
genic_nonperi	GD	7	21	17	27	14	15	37	2374
genic_nonperi	GD	8	14	9	13	18	10	17	1747
genic_nonperi	GD	9	24	21	31	15	10	28	2761
genic_nonperi	GD	10	10	12	17	12	6	12	1469
genic_nonperi	GD	11	23	14	26	25	10	34	2307
genic_nonperi	GD	12	12	13	14	13	7	27	1498
genic_nonperi	GD	13	21	19	15	15	8	25	2046
genic_nonperi	GD	14	20	11	22	24	5	30	2374
genic_nonperi	GD	15	27	21	25	17	15	33	2659
genic_nonperi	GD	16	23	18	15	18	12	32	2386
genic_nonperi	GD	17	29	18	21	12	11	31	2148
genic_nonperi	GD	18	18	17	18	20	9	27	2363
genic_nonperi	GD	19	18	13	19	12	6	29	1541
genic_nonperi	GD	20	19	19	13	14	7	29	1842
genic_nonperi	GD	21	12	20	18	19	11	29	2220
genic_nonperi	GD	22	13	11	21	17	4	24	2006
genic_nonperi	GD	23	9	10	10	10	5	18	908
genic_nonperi	GD	24	20	8	16	12	3	24	1497
genic_nonperi	GD	25	13	18	13	18	5	27	2023
genic_nonperi	GD	26	12	11	16	19	5	19	1794
genic_nonperi	GD	27	13	13	16	12	6	29	1521
genic_nonperi	GD	28	10	7	12	13	4	18	1348
genic_nonperi	GD	29	24	9	22	15	8	35	2103
genic_nonperi	GD	30	13	14	15	13	9	29	1470
genic_nonperi	GD	31	13	14	19	14	8	38	2067
genic_nonperi	GD	32	16	17	25	24	3	32	2422
genic_nonperi	GD	33	21	17	29	18	10	40	2786
genic_nonperi	GD	34	14	18	17	10	4	26	1629
genic_nonperi	GD	35	26	14	20	21	10	23	2182
genic_nonperi	GD	36	14	10	15	18	10	24	1792
genic_nonperi	GD	37	24	12	24	25	11	33	2143
genic_nonperi	GD	38	8	7	4	5	0	14	721
genic_nonperi	GD	39	20	14	17	19	7	31	1855
genic_nonperi	GD	40	24	19	37	16	13	40	2872
genic_nonperi	GD	41	11	7	14	8	1	14	1003
genic_nonperi	GD	42	17	15	23	15	7	36	2089
genic_nonperi	GD	43	20	8	19	13	5	20	1824
genic_nonperi	GD	44	24	21	25	21	10	33	2536
genic_nonperi	GD	45	17	13	22	19	3	32	1906
genic_nonperi	GD	46	16	9	16	14	4	22	1648
genic_nonperi	GD	47	17	13	19	19	12	24	2190
genic_nonperi	GD	48	22	23	20	12	8	31	2421
genic_nonperi	GD	49	6	12	12	7	4	19	1113
genic_nonperi	GD	50	14	10	13	11	2	15	1117
genic_nonperi	GD	51	9	13	14	13	8	26	1418
genic_nonperi	GD	52	15	11	19	15	5	25	2298
genic_nonperi	GD	53	14	11	11	14	10	18	1930
genic_nonperi	GD	54	11	9	10	12	5	17	1877
genic_nonperi	GD	55	18	18	23	21	7	26	2253
genic_nonperi	GD	56	15	11	17	8	6	23	1494
genic_nonperi	GD	57	26	17	18	25	9	32	2386
genic_nonperi	GD	58	19	16	34	19	7	32	2443
genic_nonperi	GD	59	16	14	19	12	3	24	1392
genic_nonperi	GD	60	27	16	18	21	4	41	2333
genic_nonperi	GD	61	27	15	24	22	9	35	2581
genic_nonperi	GD	62	24	13	21	16	7	26	2238
genic_nonperi	GD	63	25	10	22	27	10	34	2268
genic_nonperi	GD	64	21	12	21	19	10	27	2136
genic_nonperi	GD	65	20	23	20	16	4	41	2457
genic_nonperi	GD	66	12	11	14	10	9	19	1926
genic_nonperi	GD	67	21	11	23	21	9	31	1897
genic_nonperi	GD	68	26	14	25	27	8	34	2263
genic_nonperi	GD	69	3	0	2	3	1	1	199
genic_nonperi	GD	70	27	16	24	12	11	30	2328
genic_nonperi	GD	71	5	4	6	6	5	18	1147
genic_nonperi	GD	72	18	14	20	19	7	28	2310
genic_nonperi	GD	73	20	14	23	17	7	30	2034
genic_nonperi	GD	74	13	13	13	13	9	30	1512
genic_nonperi	GD	75	26	21	31	27	9	32	2566
genic_nonperi	GD	76	16	6	12	15	4	26	1765
genic_nonperi	GD	77	10	7	14	10	6	15	1800
genic_nonperi	GD	78	19	20	26	19	13	38	2375
genic_nonperi	GD	79	26	14	26	17	14	24	2593
genic_nonperi	GD	80	23	13	20	26	7	28	2172
genic_nonperi	GD	81	11	8	14	8	1	13	996
genic_nonperi	GD	82	20	13	22	14	7	28	1887
genic_nonperi	GD	83	13	10	15	11	7	21	1568
genic_nonperi	GD	84	24	12	24	23	10	28	2086
genic_nonperi	GD	85	16	11	18	13	5	23	1351
genic_nonperi	GD	86	22	15	26	22	13	37	2760
genic_nonperi	GD	87	14	16	24	19	17	31	2414
genic_nonperi	GD	88	10	11	14	17	3	32	1883
genic_nonperi	GD	89	19	16	24	18	11	28	1929
genic_nonperi	GD	90	26	19	30	21	9	30	2402
genic_nonperi	GD	91	24	18	31	14	8	28	2512
genic_nonperi	GD	92	20	16	18	22	4	28	1973
genic_nonperi	GD	93	24	14	27	27	12	35	2285
genic_nonperi	GD	94	14	17	21	23	11	26	2099
genic_nonperi	GD	95	15	14	18	14	5	19	1702
genic_nonperi	GD	96	16	15	19	15	8	28	1764
genic_nonperi	GD	97	16	16	23	23	9	29	2180
genic_nonperi	GD	98	25	9	19	23	10	34	2013
genic_nonperi	GD	99	15	7	15	12	5	20	1883
genic_nonperi	GD	100	17	16	22	18	10	26	1989
genic_nonperi	GD	101	29	13	28	33	10	35	2548
genic_nonperi	GD	102	22	15	27	18	13	37	2401
genic_nonperi	GD	103	10	9	20	17	15	25	2121
genic_nonperi	GD	104	16	15	15	12	6	16	1547
genic_nonperi	GD	105	27	14	25	28	11	33	2298
genic_nonperi	GD	106	23	18	21	24	8	30	2351
genic_nonperi	GD	107	20	14	24	15	11	46	2521
genic_nonperi	GD	108	18	11	27	20	5	31	2066
genic_nonperi	GD	109	12	8	7	13	3	20	1126
genic_nonperi	GD	110	19	20	26	19	8	38	2164
genic_nonperi	GD	111	14	14	19	12	6	18	1331
genic_nonperi	GD	112	16	18	21	20	5	23	1952
genic_nonperi	GD	113	11	14	22	15	4	25	1606
genic_nonperi	GD	114	16	18	22	15	12	33	2202
genic_nonperi	GD	115	8	11	8	11	6	14	929
genic_nonperi	GD	116	27	14	23	27	9	35	2357
genic_nonperi	GD	117	17	11	10	14	4	23	1350
genic_nonperi	GD	118	20	6	17	10	5	20	1720
genic_nonperi	GD	119	9	8	11	11	3	17	1698
genic_nonperi	GD	120	22	18	23	24	11	34	2374
genic_nonperi	GD	121	15	16	20	24	13	26	2076
genic_nonperi	GD	122	23	18	24	20	10	34	2497
genic_nonperi	GD	123	8	5	18	9	5	23	1591
genic_nonperi	GD	124	12	5	15	12	3	13	1398
genic_nonperi	GD	125	23	19	32	28	10	39	2896
genic_nonperi	GD	126	17	15	13	14	9	27	2204
genic_nonperi	GD	127	28	26	22	24	8	37	2665
genic_nonperi	GD	128	21	16	29	17	14	36	2340
genic_nonperi	GD	129	26	15	29	18	10	46	2379
genic_nonperi	GD	130	26	22	22	19	7	29	2299
genic_nonperi	GD	131	18	18	19	21	4	33	1975
genic_nonperi	GD	132	18	11	23	16	3	28	2065
genic_nonperi	GD	133	19	18	24	19	11	25	2023
genic_nonperi	GD	134	23	20	24	17	8	30	2548
genic_nonperi	GD	135	24	19	28	18	11	35	2095
genic_nonperi	GD	136	10	5	3	6	5	20	1211
genic_nonperi	GD	137	19	19	20	23	11	28	2094
genic_nonperi	GD	138	14	14	23	14	9	32	2124
genic_nonperi	GD	139	20	11	23	14	6	27	1583
genic_nonperi	GD	140	27	13	33	23	8	46	2792
genic_nonperi	GD	141	23	16	25	22	8	30	2259
genic_nonperi	GD	142	22	15	26	21	8	35	2351
genic_nonperi	GD	143	19	15	20	16	13	25	2046
genic_nonperi	GD	144	17	17	18	13	7	27	1884
genic_nonperi	GD	145	22	24	33	23	17	39	2889
genic_nonperi	GD	146	18	13	23	17	8	30	2297
genic_nonperi	GD	147	16	13	14	17	5	28	1581
genic_nonperi	GD	148	34	20	22	16	15	40	2681
genic_nonperi	GD	149	22	15	26	20	7	32	2486
genic_nonperi	GD	150	18	12	22	19	7	33	1915
genic_nonperi	GD	151	4	7	10	6	2	11	762
genic_nonperi	GD	152	25	14	26	26	10	36	2321
genic_nonperi	GD	153	26	18	31	21	14	33	2851
genic_nonperi	GD	154	16	14	20	22	8	30	2417
genic_nonperi	GD	155	24	19	26	24	9	35	2533
genic_nonperi	GD	156	10	9	11	10	3	17	984
genic_nonperi	GD	157	21	17	24	18	9	33	2290
genic_nonperi	GD	158	22	11	16	16	7	22	1635
genic_nonperi	GD	159	16	12	24	17	8	29	2094
genic_nonperi	GD	160	15	13	20	15	5	34	2296
genic_nonperi	GD	161	21	20	20	18	9	32	2248
genic_nonperi	GD	162	13	19	20	17	11	28	2247
genic_nonperi	GD	163	22	18	25	22	9	31	2117
genic_nonperi	GD	164	21	14	21	21	7	25	2044
genic_nonperi	GD	165	19	19	29	19	12	47	2895
genic_nonperi	GD	166	26	13	24	27	9	34	2304
genic_nonperi	GD	167	19	18	20	12	11	25	2058
genic_nonperi	GD	168	19	22	23	14	7	32	2128
genic_nonperi	GD	169	28	22	26	24	3	30	2347
genic_nonperi	GD	170	18	13	25	17	5	30	2061
genic_nonperi	GD	171	25	18	28	24	10	36	2565
genic_nonperi	GD	172	18	15	27	16	8	32	2243
genic_nonperi	GD	173	23	16	26	17	10	34	2271
genic_nonperi	GD	174	25	23	28	22	14	41	3052
genic_nonperi	GD	175	15	17	23	16	5	30	2019
genic_nonperi	GD	176	30	21	31	17	12	35	2562
genic_nonperi	GD	177	21	12	27	25	11	33	2263
genic_nonperi	GD	178	25	15	25	19	8	40	2340
genic_nonperi	GD	179	29	14	26	19	14	42	2526
genic_nonperi	GD	180	13	17	24	16	12	26	2106
genic_nonperi	GD	181	23	15	27	23	8	33	2285
genic_nonperi	GD	182	26	22	25	20	6	32	2321
genic_nonperi	GD	183	22	20	19	16	10	30	2360
genic_nonperi	GD	184	21	13	15	16	8	29	1866
genic_nonperi	GD	185	16	25	20	17	7	27	2312
genic_nonperi	GD	186	21	18	24	17	14	38	2466
genic_nonperi	GD	187	24	16	28	17	9	31	2340
genic_nonperi	GD	188	20	10	24	15	5	31	1737
genic_nonperi	GD	189	12	10	12	6	3	11	1086
genic_nonperi	GD	190	19	18	18	20	6	30	2115
genic_nonperi	GD	191	20	14	25	15	7	30	1958
genic_nonperi	GD	192	20	14	25	25	9	31	2302
genic_nonperi	GD	193	11	6	15	11	3	21	1160
genic_nonperi	GD	194	22	19	29	17	15	36	2687
genic_nonperi	GD	195	10	12	17	17	4	24	2052
genic_nonperi	GD	196	24	25	30	21	9	46	3076
genic_nonperi	GD	197	20	10	24	22	10	35	2449
genic_nonperi	GD	198	15	12	15	14	7	24	1492
genic_nonperi	GD	199	15	12	11	14	6	22	1810
genic_nonperi	GD	200	18	16	24	15	7	27	1839
genic_nonperi	GD	201	7	4	7	5	2	12	1030
genic_nonperi	GD	202	21	19	24	20	12	32	2354
genic_nonperi	GD	203	17	16	23	16	7	27	2004
genic_nonperi	GD	204	16	10	25	22	7	35	2435
genic_nonperi	GD	205	19	15	22	20	9	35	2231
genic_nonperi	GD	206	18	14	27	18	9	35	2199
genic_nonperi	GD	207	10	6	8	5	0	13	718
genic_nonperi	GD	208	21	12	25	14	7	24	1737
genic_nonperi	GD	209	11	21	18	11	10	22	2092
genic_nonperi	GD	210	19	17	28	22	10	46	2874
genic_nonperi	GD	211	12	14	18	12	6	26	1580
genic_nonperi	GD	212	21	22	28	22	10	31	2379
genic_nonperi	GD	213	9	9	9	10	6	16	967
genic_nonperi	GD	214	15	9	13	17	8	19	1406
genic_nonperi	GD	215	13	12	13	14	8	23	1380
genic_nonperi	GD	216	15	15	16	13	5	22	1546
genic_nonperi	GD	217	21	16	25	20	10	31	2476
genic_nonperi	GD	218	20	19	27	16	6	30	2409
genic_nonperi	GD	219	16	13	15	17	5	27	1560
genic_nonperi	GD	220	25	17	31	17	5	31	2302
genic_nonperi	GD	221	25	18	29	28	10	29	2536
genic_nonperi	GD	222	24	12	21	17	7	29	1905
genic_nonperi	GD	223	15	16	22	16	9	28	1906
genic_nonperi	GD	224	25	14	26	27	10	31	2263
genic_nonperi	GD	225	22	19	28	24	10	32	2299
genic_nonperi	GD	226	14	12	17	19	1	25	1698
genic_nonperi	GD	227	20	13	20	19	9	34	2109
genic_nonperi	GD	228	28	20	32	19	11	35	2347
genic_nonperi	GD	229	14	9	11	13	5	21	1296
genic_nonperi	GD	230	14	10	13	15	5	19	1327
genic_nonperi	GD	231	23	14	18	17	9	35	2231
genic_nonperi	GD	232	18	16	23	21	15	35	2401
genic_nonperi	GD	233	19	19	32	24	10	34	2465
genic_nonperi	GD	234	17	15	17	13	3	24	1626
genic_nonperi	GD	235	25	19	18	18	10	32	2218
genic_nonperi	GD	236	19	18	23	12	8	27	2296
genic_nonperi	GD	237	26	18	25	18	15	40	2789
genic_nonperi	GD	238	30	13	15	19	9	24	2225
genic_nonperi	GD	239	23	13	20	15	7	29	1934
genic_nonperi	GD	240	3	3	12	8	3	10	877
nongenic_peri	GD	1	39	22	34	35	14	30	3174
nongenic_peri	GD	2	112	66	97	103	49	91	7438
nongenic_peri	GD	3	83	45	38	59	30	51	4010
nongenic_peri	GD	4	41	28	35	40	17	31	2980
nongenic_peri	GD	5	60	23	41	50	22	45	3609
nongenic_peri	GD	6	71	44	39	51	20	54	4041
nongenic_peri	GD	7	102	74	84	90	43	71	6934
nongenic_peri	GD	8	73	36	63	63	25	50	4336
nongenic_peri	GD	9	78	42	53	59	33	66	4936
nongenic_peri	GD	10	41	22	28	32	15	52	2893
nongenic_peri	GD	11	89	51	53	69	32	60	5454
nongenic_peri	GD	12	50	22	33	38	16	35	2706
nongenic_peri	GD	13	78	32	48	57	28	58	4592
nongenic_peri	GD	14	91	54	53	72	32	52	5130
nongenic_peri	GD	15	91	49	51	67	41	64	5468
nongenic_peri	GD	16	73	47	56	70	33	51	5280
nongenic_peri	GD	17	70	37	54	47	33	53	4546
nongenic_peri	GD	18	86	44	74	77	37	60	6457
nongenic_peri	GD	19	67	41	61	64	25	39	4521
nongenic_peri	GD	20	73	42	54	60	31	62	4245
nongenic_peri	GD	21	93	48	59	86	38	68	6276
nongenic_peri	GD	22	60	42	40	58	32	48	4538
nongenic_peri	GD	23	29	12	18	23	11	18	1572
nongenic_peri	GD	24	52	29	34	42	23	50	3452
nongenic_peri	GD	25	76	45	59	64	29	60	4937
nongenic_peri	GD	26	81	38	50	74	32	56	4731
nongenic_peri	GD	27	53	25	33	40	16	35	2682
nongenic_peri	GD	28	61	33	44	42	28	40	3275
nongenic_peri	GD	29	92	53	88	86	39	69	6718
nongenic_peri	GD	30	48	26	36	40	17	35	2875
nongenic_peri	GD	31	62	43	53	62	32	44	4880
nongenic_peri	GD	32	72	46	73	69	24	46	5538
nongenic_peri	GD	33	66	48	66	67	26	72	5610
nongenic_peri	GD	34	85	47	75	74	30	54	4740
nongenic_peri	GD	35	67	52	39	61	41	56	4493
nongenic_peri	GD	36	72	34	66	57	22	53	4330
nongenic_peri	GD	37	70	44	47	58	30	54	4611
nongenic_peri	GD	38	23	12	19	18	8	23	1558
nongenic_peri	GD	39	71	22	44	61	19	54	4516
nongenic_peri	GD	40	75	50	71	71	28	73	5823
nongenic_peri	GD	41	56	33	35	33	21	35	2790
nongenic_peri	GD	42	91	46	82	63	36	68	6121
nongenic_peri	GD	43	74	37	49	60	32	57	5200
nongenic_peri	GD	44	105	49	56	79	33	74	5693
nongenic_peri	GD	45	85	54	46	50	26	57	4426
nongenic_peri	GD	46	65	38	36	46	25	43	3465
nongenic_peri	GD	47	57	43	54	51	31	54	4214
nongenic_peri	GD	48	98	48	77	74	36	70	5325
nongenic_peri	GD	49	36	24	36	41	17	26	2998
nongenic_peri	GD	50	55	33	38	38	21	32	3203
nongenic_peri	GD	51	45	25	35	38	17	35	2676
nongenic_peri	GD	52	85	48	80	84	32	64	6202
nongenic_peri	GD	53	56	38	37	49	23	46	3918
nongenic_peri	GD	54	65	36	58	53	26	58	4209
nongenic_peri	GD	55	96	48	71	77	33	69	5619
nongenic_peri	GD	56	38	27	42	53	26	36	3216
nongenic_peri	GD	57	70	41	43	51	28	57	4673
nongenic_peri	GD	58	83	57	69	80	32	72	6350
nongenic_peri	GD	59	53	26	32	35	24	39	3198
nongenic_peri	GD	60	85	38	59	67	31	69	5199
nongenic_peri	GD	61	96	55	70	82	46	75	6817
nongenic_peri	GD	62	69	37	59	39	27	69	4899
nongenic_peri	GD	63	73	42	46	62	27	52	4894
nongenic_peri	GD	64	79	33	52	52	28	51	4327
nongenic_peri	GD	65	97	59	77	70	37	60	6323
nongenic_peri	GD	66	62	41	70	57	24	47	4107
nongenic_peri	GD	67	45	26	37	42	11	29	3551
nongenic_peri	GD	68	70	47	44	65	30	56	4896
nongenic_peri	GD	69	12	13	6	13	6	13	818
nongenic_peri	GD	70	74	42	53	51	31	61	4579
nongenic_peri	GD	71	44	21	35	38	22	26	2683
nongenic_peri	GD	72	56	37	48	48	25	44	3674
nongenic_peri	GD	73	53	40	41	59	33	54	4014
nongenic_peri	GD	74	51	22	31	36	15	32	2575
nongenic_peri	GD	75	99	46	62	71	41	72	5510
nongenic_peri	GD	76	57	31	67	49	25	42	3907
nongenic_peri	GD	77	55	27	51	48	22	44	3325
nongenic_peri	GD	78	86	48	69	67	44	74	5545
nongenic_peri	GD	79	100	57	82	77	44	79	6696
nongenic_peri	GD	80	66	33	42	50	19	44	4455
nongenic_peri	GD	81	54	31	30	33	20	38	2724
nongenic_peri	GD	82	96	39	68	74	26	65	5450
nongenic_peri	GD	83	49	26	40	46	23	39	3309
nongenic_peri	GD	84	74	45	52	57	29	56	4733
nongenic_peri	GD	85	41	30	20	35	23	27	2979
nongenic_peri	GD	86	101	58	80	77	41	83	6615
nongenic_peri	GD	87	139	74	97	90	42	86	7688
nongenic_peri	GD	88	71	39	64	65	34	55	4254
nongenic_peri	GD	89	66	48	63	69	26	63	5638
nongenic_peri	GD	90	80	43	45	53	28	54	4369
nongenic_peri	GD	91	61	39	41	58	29	59	4861
nongenic_peri	GD	92	66	34	51	58	20	44	3789
nongenic_peri	GD	93	88	51	49	66	29	51	5107
nongenic_peri	GD	94	63	50	45	52	27	48	3927
nongenic_peri	GD	95	83	47	70	72	25	56	5638
nongenic_peri	GD	96	79	52	68	70	28	54	5504
nongenic_peri	GD	97	63	49	49	53	24	53	4404
nongenic_peri	GD	98	74	35	46	64	36	60	4517
nongenic_peri	GD	99	80	53	75	68	39	55	5123
nongenic_peri	GD	100	110	65	74	88	42	73	6009
nongenic_peri	GD	101	89	54	55	70	31	61	5533
nongenic_peri	GD	102	82	47	70	69	35	67	5261
nongenic_peri	GD	103	100	54	55	93	43	82	6052
nongenic_peri	GD	104	39	30	31	38	17	38	2790
nongenic_peri	GD	105	99	54	52	75	32	56	5728
nongenic_peri	GD	106	69	38	52	46	32	54	4256
nongenic_peri	GD	107	84	53	69	79	45	67	6234
nongenic_peri	GD	108	100	56	64	65	35	75	6241
nongenic_peri	GD	109	41	25	22	29	19	34	2404
nongenic_peri	GD	110	72	44	47	59	27	69	4559
nongenic_peri	GD	111	60	33	34	46	32	49	3708
nongenic_peri	GD	112	93	49	77	75	33	73	5815
nongenic_peri	GD	113	37	22	31	29	13	29	2761
nongenic_peri	GD	114	91	53	64	82	44	60	6020
nongenic_peri	GD	115	22	15	18	17	5	13	1468
nongenic_peri	GD	116	89	56	49	71	31	59	5417
nongenic_peri	GD	117	58	23	32	31	17	41	2968
nongenic_peri	GD	118	52	26	53	42	19	38	3127
nongenic_peri	GD	119	60	34	46	53	26	53	3454
nongenic_peri	GD	120	89	47	77	62	40	74	6472
nongenic_peri	GD	121	64	48	44	51	28	49	3878
nongenic_peri	GD	122	101	48	52	73	29	66	5327
nongenic_peri	GD	123	36	22	32	22	15	25	2341
nongenic_peri	GD	124	68	38	43	48	28	43	3926
nongenic_peri	GD	125	86	52	59	72	34	58	5299
nongenic_peri	GD	126	68	29	34	51	22	56	4219
nongenic_peri	GD	127	69	48	50	66	25	66	4923
nongenic_peri	GD	128	71	41	66	54	30	43	4355
nongenic_peri	GD	129	91	52	70	76	45	70	6359
nongenic_peri	GD	130	57	31	47	50	26	41	4828
nongenic_peri	GD	131	51	29	36	39	16	43	3200
nongenic_peri	GD	132	63	48	45	59	31	49	4227
nongenic_peri	GD	133	55	43	42	48	25	39	4201
nongenic_peri	GD	134	118	60	79	88	53	88	7132
nongenic_peri	GD	135	67	47	49	47	25	41	3879
nongenic_peri	GD	136	66	29	48	44	32	28	3094
nongenic_peri	GD	137	75	43	39	49	27	55	4317
nongenic_peri	GD	138	52	24	37	39	21	48	3546
nongenic_peri	GD	139	52	28	31	35	17	38	2844
nongenic_peri	GD	140	88	68	70	74	41	83	6115
nongenic_peri	GD	141	86	57	85	80	29	58	5437
nongenic_peri	GD	142	66	57	49	78	26	50	4784
nongenic_peri	GD	143	103	54	70	79	39	67	6537
nongenic_peri	GD	144	67	29	44	58	23	52	4208
nongenic_peri	GD	145	91	52	68	81	27	81	5814
nongenic_peri	GD	146	106	69	84	84	34	89	7120
nongenic_peri	GD	147	83	43	69	54	34	52	5074
nongenic_peri	GD	148	100	52	53	80	39	68	6007
nongenic_peri	GD	149	66	51	51	54	23	52	4379
nongenic_peri	GD	150	87	46	69	65	33	61	5696
nongenic_peri	GD	151	19	16	12	19	9	20	1355
nongenic_peri	GD	152	86	55	53	70	32	58	5573
nongenic_peri	GD	153	88	63	70	79	42	81	6460
nongenic_peri	GD	154	64	49	64	73	27	67	5075
nongenic_peri	GD	155	64	45	45	60	28	57	4942
nongenic_peri	GD	156	37	23	22	36	18	32	2455
nongenic_peri	GD	157	76	52	52	60	30	52	5064
nongenic_peri	GD	158	47	24	35	41	20	36	3130
nongenic_peri	GD	159	56	30	38	46	20	40	3337
nongenic_peri	GD	160	74	35	50	60	24	60	4496
nongenic_peri	GD	161	95	53	72	69	38	73	5389
nongenic_peri	GD	162	72	36	56	56	22	62	4403
nongenic_peri	GD	163	86	38	65	62	30	66	5123
nongenic_peri	GD	164	78	58	71	64	37	56	5078
nongenic_peri	GD	165	106	60	83	83	42	95	6976
nongenic_peri	GD	166	75	46	50	67	30	58	4963
nongenic_peri	GD	167	110	63	79	83	35	70	6459
nongenic_peri	GD	168	89	41	56	70	25	61	5025
nongenic_peri	GD	169	59	37	51	60	22	47	4147
nongenic_peri	GD	170	52	42	57	64	25	57	4516
nongenic_peri	GD	171	85	48	61	70	26	75	5633
nongenic_peri	GD	172	107	72	85	93	41	73	6871
nongenic_peri	GD	173	86	54	66	72	38	72	5585
nongenic_peri	GD	174	118	53	84	96	51	80	7101
nongenic_peri	GD	175	57	42	42	53	28	47	3760
nongenic_peri	GD	176	91	46	59	59	40	67	5236
nongenic_peri	GD	177	87	59	69	81	39	70	6039
nongenic_peri	GD	178	93	60	76	68	44	74	6561
nongenic_peri	GD	179	118	64	87	72	47	90	7643
nongenic_peri	GD	180	92	48	68	72	38	67	5646
nongenic_peri	GD	181	111	52	77	77	37	75	6727
nongenic_peri	GD	182	56	33	57	47	28	39	3917
nongenic_peri	GD	183	98	65	66	80	40	75	5982
nongenic_peri	GD	184	54	38	30	40	24	41	3551
nongenic_peri	GD	185	79	42	56	63	40	64	4915
nongenic_peri	GD	186	58	45	47	53	21	59	4123
nongenic_peri	GD	187	111	48	79	83	37	71	6164
nongenic_peri	GD	188	46	36	39	46	16	35	3478
nongenic_peri	GD	189	40	14	28	23	12	26	2091
nongenic_peri	GD	190	77	43	49	70	33	53	4768
nongenic_peri	GD	191	67	27	40	55	23	57	4035
nongenic_peri	GD	192	85	48	61	75	32	62	5144
nongenic_peri	GD	193	40	26	23	29	20	38	2708
nongenic_peri	GD	194	83	43	56	57	29	50	4775
nongenic_peri	GD	195	60	36	29	54	24	49	4064
nongenic_peri	GD	196	123	63	90	106	55	86	7720
nongenic_peri	GD	197	105	59	62	84	33	63	6064
nongenic_peri	GD	198	65	33	53	55	23	46	4617
nongenic_peri	GD	199	46	34	33	47	23	38	3099
nongenic_peri	GD	200	90	44	77	75	32	68	6158
nongenic_peri	GD	201	59	40	58	50	30	40	3714
nongenic_peri	GD	202	81	41	54	53	27	54	4717
nongenic_peri	GD	203	89	41	63	80	29	77	5575
nongenic_peri	GD	204	103	53	76	85	47	70	7070
nongenic_peri	GD	205	101	48	73	69	35	66	5817
nongenic_peri	GD	206	77	44	43	44	36	50	4086
nongenic_peri	GD	207	23	17	21	24	11	21	1601
nongenic_peri	GD	208	41	24	30	30	10	28	2468
nongenic_peri	GD	209	77	31	54	65	31	63	5012
nongenic_peri	GD	210	105	60	88	83	38	93	6974
nongenic_peri	GD	211	45	27	30	46	20	28	2801
nongenic_peri	GD	212	91	51	51	69	40	60	4951
nongenic_peri	GD	213	25	15	21	26	9	15	1745
nongenic_peri	GD	214	67	40	34	49	21	39	3850
nongenic_peri	GD	215	33	22	25	25	9	25	2076
nongenic_peri	GD	216	68	32	31	52	35	54	3915
nongenic_peri	GD	217	92	52	66	90	44	78	5917
nongenic_peri	GD	218	81	46	75	57	26	59	5071
nongenic_peri	GD	219	84	42	67	52	33	48	4989
nongenic_peri	GD	220	78	54	74	78	32	60	5235
nongenic_peri	GD	221	94	52	56	76	35	61	5654
nongenic_peri	GD	222	70	47	43	54	28	47	4402
nongenic_peri	GD	223	65	23	46	58	24	42	4190
nongenic_peri	GD	224	80	50	54	71	29	60	5485
nongenic_peri	GD	225	87	45	68	77	28	67	5286
nongenic_peri	GD	226	64	33	27	53	30	52	3694
nongenic_peri	GD	227	66	41	39	48	25	46	3943
nongenic_peri	GD	228	74	47	56	61	27	47	4564
nongenic_peri	GD	229	39	21	30	42	18	38	2707
nongenic_peri	GD	230	41	26	33	28	15	27	2585
nongenic_peri	GD	231	95	63	71	92	36	65	6108
nongenic_peri	GD	232	63	46	46	64	28	50	4722
nongenic_peri	GD	233	95	53	72	66	34	61	5647
nongenic_peri	GD	234	66	38	39	53	22	37	4018
nongenic_peri	GD	235	57	20	37	42	27	53	4123
nongenic_peri	GD	236	84	35	63	53	29	57	4821
nongenic_peri	GD	237	83	49	60	59	32	71	5066
nongenic_peri	GD	238	98	41	76	86	37	72	6088
nongenic_peri	GD	239	50	36	37	36	22	43	3685
nongenic_peri	GD	240	50	26	23	28	18	24	2036
nongenic_nonperi	GD	1	26	11	45	17	2	31	3265
nongenic_nonperi	GD	2	32	20	63	29	15	55	5175
nongenic_nonperi	GD	3	23	10	45	24	10	30	2971
nongenic_nonperi	GD	4	18	7	30	10	4	33	2676
nongenic_nonperi	GD	5	22	15	37	13	9	38	2551
nongenic_nonperi	GD	6	36	10	52	26	12	42	3482
nongenic_nonperi	GD	7	43	18	52	35	10	52	3997
nongenic_nonperi	GD	8	25	16	45	23	10	46	3805
nongenic_nonperi	GD	9	48	21	70	34	16	66	6017
nongenic_nonperi	GD	10	26	10	32	16	8	36	3004
nongenic_nonperi	GD	11	36	18	72	25	15	55	4787
nongenic_nonperi	GD	12	22	16	31	20	8	29	2334
nongenic_nonperi	GD	13	29	11	55	31	14	46	4476
nongenic_nonperi	GD	14	47	20	62	34	16	57	4976
nongenic_nonperi	GD	15	45	17	64	29	14	65	5907
nongenic_nonperi	GD	16	38	17	69	26	13	50	5136
nongenic_nonperi	GD	17	50	16	68	29	14	58	5063
nongenic_nonperi	GD	18	41	9	54	33	12	64	5425
nongenic_nonperi	GD	19	25	16	39	15	7	34	2673
nongenic_nonperi	GD	20	42	18	53	27	13	48	4330
nongenic_nonperi	GD	21	33	15	48	21	15	43	4099
nongenic_nonperi	GD	22	35	9	51	27	9	43	4053
nongenic_nonperi	GD	23	14	8	22	13	7	20	1468
nongenic_nonperi	GD	24	28	15	36	19	10	30	3213
nongenic_nonperi	GD	25	35	11	53	21	11	46	3772
nongenic_nonperi	GD	26	34	10	48	29	4	27	3009
nongenic_nonperi	GD	27	22	13	27	15	12	32	2289
nongenic_nonperi	GD	28	18	13	29	16	11	34	3051
nongenic_nonperi	GD	29	39	15	54	35	7	43	4322
nongenic_nonperi	GD	30	22	15	30	19	10	32	2310
nongenic_nonperi	GD	31	43	11	47	24	11	37	4412
nongenic_nonperi	GD	32	27	13	58	37	11	59	5518
nongenic_nonperi	GD	33	43	17	78	38	14	78	6521
nongenic_nonperi	GD	34	23	7	41	20	11	33	3339
nongenic_nonperi	GD	35	38	19	44	19	12	41	2926
nongenic_nonperi	GD	36	22	13	39	23	8	46	3816
nongenic_nonperi	GD	37	32	20	61	25	11	54	3940
nongenic_nonperi	GD	38	12	6	11	7	7	16	1169
nongenic_nonperi	GD	39	27	9	40	27	12	50	3708
nongenic_nonperi	GD	40	41	25	69	30	19	72	6441
nongenic_nonperi	GD	41	21	7	25	17	9	16	2252
nongenic_nonperi	GD	42	37	14	49	19	10	57	4305
nongenic_nonperi	GD	43	21	8	59	32	10	40	3844
nongenic_nonperi	GD	44	32	15	63	29	13	67	5601
nongenic_nonperi	GD	45	37	14	44	33	13	44	4039
nongenic_nonperi	GD	46	25	13	36	25	8	36	2349
nongenic_nonperi	GD	47	41	18	57	31	9	51	4787
nongenic_nonperi	GD	48	43	24	72	36	13	63	5714
nongenic_nonperi	GD	49	18	7	27	16	5	30	2774
nongenic_nonperi	GD	50	20	8	31	11	9	30	2529
nongenic_nonperi	GD	51	20	13	32	18	10	33	2249
nongenic_nonperi	GD	52	35	15	57	31	15	62	4978
nongenic_nonperi	GD	53	35	13	56	32	10	48	4467
nongenic_nonperi	GD	54	30	11	47	24	7	44	4186
nongenic_nonperi	GD	55	29	15	62	29	16	67	4858
nongenic_nonperi	GD	56	27	12	43	19	10	32	3145
nongenic_nonperi	GD	57	49	13	67	35	16	63	5351
nongenic_nonperi	GD	58	43	13	68	38	18	52	5405
nongenic_nonperi	GD	59	18	16	40	24	7	26	2638
nongenic_nonperi	GD	60	34	21	51	29	13	52	4931
nongenic_nonperi	GD	61	51	18	69	40	14	56	5554
nongenic_nonperi	GD	62	57	21	60	25	10	49	5028
nongenic_nonperi	GD	63	29	19	63	25	12	57	4614
nongenic_nonperi	GD	64	36	16	62	25	15	47	4636
nongenic_nonperi	GD	65	37	17	71	40	10	61	5561
nongenic_nonperi	GD	66	32	19	54	28	16	47	4406
nongenic_nonperi	GD	67	27	17	46	19	7	47	3576
nongenic_nonperi	GD	68	37	23	73	26	13	53	4989
nongenic_nonperi	GD	69	8	4	4	5	5	7	669
nongenic_nonperi	GD	70	36	15	52	33	9	43	3925
nongenic_nonperi	GD	71	21	8	30	14	9	25	2622
nongenic_nonperi	GD	72	40	19	64	34	11	54	5035
nongenic_nonperi	GD	73	30	13	42	20	12	35	2696
nongenic_nonperi	GD	74	24	10	35	18	8	38	2413
nongenic_nonperi	GD	75	39	25	62	31	15	57	4753
nongenic_nonperi	GD	76	24	6	52	27	7	43	3613
nongenic_nonperi	GD	77	34	6	45	25	8	43	3715
nongenic_nonperi	GD	78	29	19	69	34	17	51	5541
nongenic_nonperi	GD	79	29	19	62	40	15	69	5596
nongenic_nonperi	GD	80	27	17	52	24	9	52	4520
nongenic_nonperi	GD	81	19	8	26	18	7	15	2250
nongenic_nonperi	GD	82	37	15	46	33	14	58	4285
nongenic_nonperi	GD	83	21	13	39	17	6	42	3105
nongenic_nonperi	GD	84	34	13	58	25	11	46	4219
nongenic_nonperi	GD	85	27	8	30	14	10	35	2911
nongenic_nonperi	GD	86	49	23	74	28	13	75	5813
nongenic_nonperi	GD	87	45	17	84	44	16	61	5585
nongenic_nonperi	GD	88	30	17	56	24	15	36	3263
nongenic_nonperi	GD	89	49	17	54	26	16	31	3623
nongenic_nonperi	GD	90	32	18	51	17	12	55	3639
nongenic_nonperi	GD	91	39	17	71	34	11	58	5793
nongenic_nonperi	GD	92	34	16	66	23	12	42	4291
nongenic_nonperi	GD	93	39	17	77	30	12	61	5090
nongenic_nonperi	GD	94	32	17	54	27	17	45	4312
nongenic_nonperi	GD	95	26	8	39	24	9	39	3022
nongenic_nonperi	GD	96	25	14	53	28	14	42	3667
nongenic_nonperi	GD	97	33	17	51	28	14	46	4676
nongenic_nonperi	GD	98	26	20	63	21	12	44	3720
nongenic_nonperi	GD	99	35	7	54	30	8	56	4142
nongenic_nonperi	GD	100	37	12	42	29	10	39	4033
nongenic_nonperi	GD	101	41	19	82	32	14	73	5679
nongenic_nonperi	GD	102	29	13	69	31	15	61	5290
nongenic_nonperi	GD	103	29	23	61	24	12	57	4795
nongenic_nonperi	GD	104	20	10	33	17	9	31	2696
nongenic_nonperi	GD	105	40	17	71	28	12	63	4716
nongenic_nonperi	GD	106	33	15	65	30	8	53	4998
nongenic_nonperi	GD	107	46	18	65	33	13	58	5659
nongenic_nonperi	GD	108	24	14	67	21	16	37	4344
nongenic_nonperi	GD	109	19	10	21	10	6	21	2233
nongenic_nonperi	GD	110	33	14	64	31	18	48	4912
nongenic_nonperi	GD	111	20	11	32	19	10	28	2377
nongenic_nonperi	GD	112	31	11	38	22	7	43	3997
nongenic_nonperi	GD	113	26	13	35	16	8	35	2586
nongenic_nonperi	GD	114	34	13	50	24	11	41	4169
nongenic_nonperi	GD	115	12	9	13	10	5	13	805
nongenic_nonperi	GD	116	37	21	74	27	12	61	5064
nongenic_nonperi	GD	117	22	8	28	21	13	38	2961
nongenic_nonperi	GD	118	23	11	36	22	7	31	2665
nongenic_nonperi	GD	119	31	10	41	21	10	29	2866
nongenic_nonperi	GD	120	36	19	49	40	12	51	5575
nongenic_nonperi	GD	121	32	17	54	29	17	49	4269
nongenic_nonperi	GD	122	30	16	61	29	10	68	5509
nongenic_nonperi	GD	123	22	12	42	19	9	37	3526
nongenic_nonperi	GD	124	16	6	41	21	10	31	2995
nongenic_nonperi	GD	125	50	25	73	36	16	75	6605
nongenic_nonperi	GD	126	32	11	52	22	11	52	4233
nongenic_nonperi	GD	127	49	22	76	40	17	65	6071
nongenic_nonperi	GD	128	31	18	54	29	12	51	4194
nongenic_nonperi	GD	129	34	17	56	33	20	57	5247
nongenic_nonperi	GD	130	43	15	65	28	13	58	5250
nongenic_nonperi	GD	131	37	19	49	26	11	39	4259
nongenic_nonperi	GD	132	41	15	44	23	15	50	3708
nongenic_nonperi	GD	133	25	10	49	23	9	43	4356
nongenic_nonperi	GD	134	43	16	58	31	15	66	5449
nongenic_nonperi	GD	135	30	10	34	17	9	36	2575
nongenic_nonperi	GD	136	12	15	30	14	11	19	1858
nongenic_nonperi	GD	137	28	13	49	27	7	43	3120
nongenic_nonperi	GD	138	38	10	49	25	11	52	4084
nongenic_nonperi	GD	139	17	8	35	16	8	34	2734
nongenic_nonperi	GD	140	44	19	73	33	18	71	6251
nongenic_nonperi	GD	141	29	10	37	24	7	46	3477
nongenic_nonperi	GD	142	35	19	58	29	12	50	5162
nongenic_nonperi	GD	143	29	11	44	42	8	37	3842
nongenic_nonperi	GD	144	33	8	49	31	11	40	3780
nongenic_nonperi	GD	145	53	22	64	36	18	79	6586
nongenic_nonperi	GD	146	40	18	62	26	16	57	5154
nongenic_nonperi	GD	147	19	14	38	18	11	29	3090
nongenic_nonperi	GD	148	46	14	71	27	17	64	5972
nongenic_nonperi	GD	149	33	16	61	27	15	64	4932
nongenic_nonperi	GD	150	33	15	51	29	9	42	3902
nongenic_nonperi	GD	151	13	4	20	7	4	17	1456
nongenic_nonperi	GD	152	38	21	77	29	12	59	5074
nongenic_nonperi	GD	153	49	20	61	39	19	78	6258
nongenic_nonperi	GD	154	44	20	62	37	9	65	5371
nongenic_nonperi	GD	155	39	21	63	35	12	63	5789
nongenic_nonperi	GD	156	18	11	33	12	7	30	2351
nongenic_nonperi	GD	157	34	17	59	37	12	46	5146
nongenic_nonperi	GD	158	30	13	49	24	8	41	3021
nongenic_nonperi	GD	159	32	17	55	26	14	56	4010
nongenic_nonperi	GD	160	44	22	52	25	16	44	4780
nongenic_nonperi	GD	161	37	20	52	25	13	44	3203
nongenic_nonperi	GD	162	37	21	58	33	17	59	4760
nongenic_nonperi	GD	163	29	15	41	24	8	34	3365
nongenic_nonperi	GD	164	37	18	43	23	13	39	3371
nongenic_nonperi	GD	165	44	22	67	33	19	73	6286
nongenic_nonperi	GD	166	36	22	76	26	13	55	4994
nongenic_nonperi	GD	167	37	14	48	30	10	52	4500
nongenic_nonperi	GD	168	37	10	56	30	10	46	4299
nongenic_nonperi	GD	169	34	17	62	37	13	61	5173
nongenic_nonperi	GD	170	27	9	63	28	6	41	4161
nongenic_nonperi	GD	171	35	22	59	31	17	67	5384
nongenic_nonperi	GD	172	39	10	56	30	9	42	4597
nongenic_nonperi	GD	173	30	17	57	31	16	60	5267
nongenic_nonperi	GD	174	48	28	83	38	15	72	6764
nongenic_nonperi	GD	175	34	15	64	27	11	44	3531
nongenic_nonperi	GD	176	46	17	69	42	15	72	5597
nongenic_nonperi	GD	177	40	18	61	34	14	57	5231
nongenic_nonperi	GD	178	40	20	65	28	14	51	4018
nongenic_nonperi	GD	179	52	19	78	40	15	67	5809
nongenic_nonperi	GD	180	36	16	53	25	10	50	4286
nongenic_nonperi	GD	181	33	17	64	41	15	61	5411
nongenic_nonperi	GD	182	37	21	56	28	11	46	3840
nongenic_nonperi	GD	183	32	11	67	35	12	50	4933
nongenic_nonperi	GD	184	31	17	36	23	10	28	2826
nongenic_nonperi	GD	185	36	14	55	26	11	40	3446
nongenic_nonperi	GD	186	41	23	67	34	7	58	5728
nongenic_nonperi	GD	187	44	15	71	37	20	64	5454
nongenic_nonperi	GD	188	25	11	44	24	7	40	3098
nongenic_nonperi	GD	189	16	11	31	10	7	25	2671
nongenic_nonperi	GD	190	29	20	54	32	9	48	4253
nongenic_nonperi	GD	191	30	11	54	29	9	39	3905
nongenic_nonperi	GD	192	29	16	53	31	14	59	3982
nongenic_nonperi	GD	193	26	12	28	15	6	42	2920
nongenic_nonperi	GD	194	41	21	67	35	21	73	5924
nongenic_nonperi	GD	195	36	10	53	30	10	47	4360
nongenic_nonperi	GD	196	51	29	79	40	14	80	6839
nongenic_nonperi	GD	197	39	24	70	30	16	64	5025
nongenic_nonperi	GD	198	29	13	38	14	8	28	2820
nongenic_nonperi	GD	199	32	13	43	16	15	37	2763
nongenic_nonperi	GD	200	36	10	46	26	10	46	4462
nongenic_nonperi	GD	201	15	5	28	16	9	27	2646
nongenic_nonperi	GD	202	32	15	57	43	13	60	5005
nongenic_nonperi	GD	203	30	11	49	27	13	40	4344
nongenic_nonperi	GD	204	31	11	68	41	7	58	5635
nongenic_nonperi	GD	205	42	21	66	40	14	62	5194
nongenic_nonperi	GD	206	39	14	36	35	6	49	3439
nongenic_nonperi	GD	207	18	5	7	5	7	11	1604
nongenic_nonperi	GD	208	21	11	42	27	7	43	3106
nongenic_nonperi	GD	209	29	9	51	24	9	45	4208
nongenic_nonperi	GD	210	40	19	70	32	19	72	6262
nongenic_nonperi	GD	211	20	10	33	21	9	29	3054
nongenic_nonperi	GD	212	36	17	40	25	12	39	3036
nongenic_nonperi	GD	213	12	9	14	9	6	14	895
nongenic_nonperi	GD	214	29	16	44	19	13	37	3053
nongenic_nonperi	GD	215	23	14	29	14	12	29	2153
nongenic_nonperi	GD	216	23	14	33	16	9	28	2705
nongenic_nonperi	GD	217	48	14	60	32	10	70	5478
nongenic_nonperi	GD	218	36	14	72	21	11	51	5249
nongenic_nonperi	GD	219	21	13	34	19	11	28	3059
nongenic_nonperi	GD	220	43	11	58	28	11	43	5038
nongenic_nonperi	GD	221	44	20	75	38	12	60	5540
nongenic_nonperi	GD	222	31	14	49	21	10	43	3476
nongenic_nonperi	GD	223	35	15	55	16	8	35	3894
nongenic_nonperi	GD	224	39	19	72	27	12	58	4957
nongenic_nonperi	GD	225	35	12	59	30	11	55	4927
nongenic_nonperi	GD	226	29	13	40	25	12	48	3840
nongenic_nonperi	GD	227	32	12	62	28	13	63	4687
nongenic_nonperi	GD	228	31	15	52	24	8	49	3704
nongenic_nonperi	GD	229	19	5	30	14	10	31	2599
nongenic_nonperi	GD	230	16	9	23	16	4	18	2728
nongenic_nonperi	GD	231	44	15	55	23	8	59	4122
nongenic_nonperi	GD	232	33	18	65	33	19	55	5320
nongenic_nonperi	GD	233	38	16	63	42	15	57	5899
nongenic_nonperi	GD	234	22	13	42	24	9	35	3075
nongenic_nonperi	GD	235	37	12	51	22	8	66	4682
nongenic_nonperi	GD	236	36	16	65	21	10	50	4978
nongenic_nonperi	GD	237	38	18	68	35	15	75	6092
nongenic_nonperi	GD	238	34	15	53	33	18	49	4836
nongenic_nonperi	GD	239	31	16	41	27	8	38	3305
nongenic_nonperi	GD	240	13	5	28	15	5	24	2156
