Motif	IMP60_Count	IMP60_Frequency	LAN23_Count	LAN23_Frequency	Domes83_Count	Domes83_Frequency	TEO17_Count	TEO17_Frequency
CA_A.A	11154	0.00994544	3391	0.01013	77246	0.01034	15212	0.008804774
CA_A.C	6817	0.006078363	1925	0.00575	42937	0.00575	9117	0.005276961
CA_A.G	5710	0.005091309	1651	0.00493	34282	0.00459	8406	0.004865431
CA_A.T	10851	0.009675271	3290	0.00983	76136	0.0102	16549	0.009578636
CA_C.A	10128	0.009030609	3054	0.00913	68835	0.00922	14627	0.008466174
CA_C.C	6777	0.006042697	1715	0.00512	36464	0.00488	8595	0.004974825
CA_C.G	6082	0.005423002	1627	0.00486	33214	0.00445	7920	0.004584132
CA_C.T	18193	0.016221749	5447	0.01628	117075	0.01568	28270	0.016362804
CA_G.A	13907	0.012400147	4392	0.01312	94062	0.0126	21359	0.012362686
CA_G.C	8825	0.007868792	2350	0.00702	51057	0.00684	11382	0.006587953
CA_G.G	6978	0.006221919	1935	0.00578	39997	0.00536	8909	0.00515657
CA_G.T	15597	0.013907031	4765	0.01424	97887	0.01311	23625	0.013674257
CA_T.A	12752	0.011370293	3981	0.0119	92143	0.01234	19255	0.011144881
CA_T.C	8136	0.007254447	2507	0.00749	52185	0.00699	12086	0.006995431
CA_T.G	6775	0.006040914	2086	0.00623	43278	0.0058	9967	0.005768945
CA_T.T	27243	0.024291162	8972	0.02681	200823	0.02689	47699	0.027608397
CG_A.A	6500	0.005795711	1905	0.00569	45703	0.00612	10157	0.005878918
CG_A.C	4102	0.003657539	1150	0.00344	28492	0.00382	5936	0.003435784
CG_A.G	2960	0.002639278	736	0.0022	17582	0.00235	4015	0.0023239
CG_A.T	7073	0.006306625	2038	0.00609	48718	0.00652	11154	0.006455986
CG_C.A	6064	0.005406953	1617	0.00483	40049	0.00536	8251	0.004775716
CG_C.C	2953	0.002633036	772	0.00231	21140	0.00283	3641	0.002107427
CG_C.G	3332	0.002970971	767	0.00229	21358	0.00286	3630	0.00210106
CG_C.T	6056	0.005399819	1613	0.00482	41047	0.0055	8525	0.004934309
CG_G.A	6230	0.005554966	1670	0.00499	39088	0.00523	8214	0.0047543
CG_G.C	4957	0.004419898	1307	0.00391	32905	0.00441	6559	0.003796379
CG_G.G	3335	0.002973646	830	0.00248	19093	0.00256	4033	0.002334319
CG_G.T	6824	0.006084605	1930	0.00577	42681	0.00572	9208	0.005329632
CG_T.A	8536	0.007611106	2440	0.00729	56429	0.00756	12692	0.007346187
CG_T.C	4454	0.0039714	1113	0.00333	30323	0.00406	6437	0.003725765
CG_T.G	4555	0.004061456	1087	0.00325	28028	0.00375	6421	0.003716504
CG_T.T	9169	0.008175519	2658	0.00794	62460	0.00836	13763	0.007966087
CT_A.A	41004	0.036561128	12784	0.0382	285374	0.03821	62773	0.036333296
CT_A.C	24215	0.021591253	7086	0.02117	156346	0.02094	36173	0.020937096
CT_A.G	34859	0.031081952	10291	0.03075	222466	0.02979	51369	0.02973261
CT_A.T	26506	0.023634018	8180	0.02444	187143	0.02506	43565	0.025215619
CT_C.A	32310	0.028809142	9798	0.02928	208841	0.02797	48485	0.028063337
CT_C.C	18738	0.016707697	5389	0.0161	111877	0.01498	26861	0.015547268
CT_C.G	34226	0.030517539	9632	0.02878	196141	0.02626	45888	0.026560182
CT_C.T	22666	0.02021009	6822	0.02038	147340	0.01973	34949	0.020228639
CT_G.A	34191	0.030486331	10486	0.03133	206604	0.02767	49116	0.028428563
CT_G.C	28459	0.025375406	8124	0.02427	174914	0.02342	40508	0.023446214
CT_G.G	32535	0.029009763	8999	0.02689	196759	0.02635	44852	0.025960541
CT_G.T	35285	0.031461794	10952	0.03272	228614	0.03061	56281	0.032575698
CT_T.A	34275	0.03056123	10613	0.03171	225577	0.03021	50752	0.029375487
CT_T.C	25299	0.022557799	7640	0.02283	164464	0.02202	37943	0.02196158
CT_T.G	39813	0.035499176	11528	0.03445	239658	0.03209	51658	0.029899884
CT_T.T	27731	0.024726286	8861	0.02648	197120	0.0264	43195	0.025001461
TA_A.A	11250	0.010031038	3506	0.01048	72227	0.00967	17581	0.010175962
TA_A.C	6855	0.006112246	2016	0.00602	43405	0.00581	10550	0.006106388
TA_A.G	7718	0.006881738	2371	0.00708	50111	0.00671	12192	0.007056785
TA_A.T	14689	0.013097415	4702	0.01405	100774	0.01349	25145	0.01455404
TA_C.A	7837	0.006987844	2341	0.00699	50308	0.00674	12263	0.00709788
TA_C.C	5225	0.00465886	1455	0.00435	34518	0.00462	7793	0.004510624
TA_C.G	5105	0.004551862	1540	0.0046	35178	0.00471	7979	0.004618281
TA_C.T	10411	0.009282946	3102	0.00927	69588	0.00932	17005	0.009842571
TA_G.A	4166	0.003714605	1234	0.00369	27410	0.00367	6208	0.003593218
TA_G.C	3254	0.002901422	975	0.00291	21312	0.00285	4468	0.002586099
TA_G.G	2893	0.002579537	843	0.00252	19464	0.00261	3976	0.002301327
TA_G.T	5773	0.005147483	1627	0.00486	38216	0.00512	8860	0.005128208
TA_T.A	8726	0.007780519	2939	0.00878	59985	0.00803	13884	0.008036122
TA_T.C	3688	0.003288397	1186	0.00354	25606	0.00343	5928	0.003431153
TA_T.G	5376	0.004793499	1696	0.00507	39374	0.00527	9026	0.00522429
TA_T.T	8556	0.007628939	2711	0.0081	60323	0.00808	14543	0.008417554
TC_A.A	21019	0.018741546	6657	0.01989	147856	0.0198	39994	0.023148708
TC_A.C	14336	0.012782664	4358	0.01302	106976	0.01432	25340	0.014666907
TC_A.G	19217	0.017134797	5593	0.01671	143829	0.01926	36184	0.020943463
TC_A.T	16005	0.014270824	4992	0.01492	113375	0.01518	31434	0.018194141
TC_C.A	9151	0.008159469	2902	0.00867	62761	0.0084	16311	0.009440881
TC_C.C	6601	0.005885767	1960	0.00586	51022	0.00683	10143	0.005870814
TC_C.G	9740	0.00868465	2878	0.0086	75518	0.01011	16337	0.00945593
TC_C.T	9296	0.008288758	2669	0.00797	64901	0.00869	15123	0.008753261
TC_G.A	10372	0.009248171	3042	0.00909	78170	0.01047	17740	0.010267992
TC_G.C	9900	0.008827314	2700	0.00807	74640	0.00999	14831	0.00858425
TC_G.G	9794	0.008732799	2801	0.00837	81183	0.01087	16204	0.009378949
TC_G.T	10978	0.00978851	3282	0.00981	86945	0.01164	19818	0.011470748
TC_T.A	12763	0.011380101	4171	0.01246	93797	0.01256	25616	0.014826657
TC_T.C	11706	0.01043763	3528	0.01054	84549	0.01132	20791	0.012033925
TC_T.G	13271	0.011833059	4308	0.01287	104824	0.01404	26855	0.015543796
TC_T.T	11698	0.010430496	3772	0.01127	82949	0.01111	23234	0.013447944
TG_A.A	5072	0.004522438	1448	0.00433	29966	0.00401	7462	0.004319039
TG_A.C	3185	0.002839898	815	0.00244	22140	0.00296	4410	0.002552528
TG_A.G	3668	0.003270564	1051	0.00314	25769	0.00345	5370	0.00310818
TG_A.T	5286	0.004713251	1650	0.00493	33796	0.00453	8409	0.004867167
TG_C.A	2987	0.002663352	895	0.00267	20691	0.00277	4551	0.002634139
TG_C.C	2490	0.002220203	671	0.002	17629	0.00236	3405	0.001970829
TG_C.G	3037	0.002707935	848	0.00253	20798	0.00278	3933	0.002276438
TG_C.T	4908	0.004376208	1380	0.00412	30725	0.00411	7058	0.004085202
TG_G.A	1691	0.001507777	503	0.0015	10848	0.00145	2432	0.001407653
TG_G.C	1747	0.001557709	477	0.00143	11688	0.00157	2072	0.001199283
TG_G.G	1971	0.001757438	565	0.00169	13681	0.00183	2086	0.001207386
TG_G.T	4030	0.003593341	1025	0.00306	24735	0.00331	4685	0.002711699
TG_T.A	4193	0.003738679	1305	0.0039	26954	0.00361	6893	0.0039897
TG_T.C	2831	0.002524255	755	0.00226	19155	0.00256	4231	0.002448922
TG_T.G	4618	0.00411763	1442	0.00431	30878	0.00413	6793	0.003931819
TG_T.T	7299	0.006508138	2079	0.00621	45377	0.00608	10571	0.006118543
