Region_categ	Category	Strain	CT_T.G	CT_C.G	CT_T.C	GA_C.A	GA_C.G	GA_G.A	Total_count
peri	TEO	1	491	422	274	372	261	260	21677
peri	TEO	2	406	349	191	293	257	224	18275
peri	TEO	3	562	469	329	408	338	330	28190
peri	TEO	4	755	624	471	547	449	409	39113
peri	TEO	5	523	457	288	423	299	281	23924
peri	TEO	6	840	721	458	600	465	470	40772
peri	TEO	7	583	474	294	443	303	319	25618
peri	TEO	8	546	515	272	426	337	326	26132
peri	TEO	9	410	314	234	270	232	229	18965
peri	TEO	10	523	463	335	391	308	309	25550
peri	TEO	11	623	491	356	477	354	377	32453
peri	TEO	12	576	546	362	473	333	296	29339
peri	TEO	13	531	446	297	405	350	264	24112
peri	TEO	14	996	810	599	725	539	547	48619
peri	TEO	15	575	511	318	446	342	308	26361
peri	TEO	16	784	639	488	564	443	404	39752
peri	TEO	17	467	402	299	381	305	277	24876
nonperi	TEO	1	799	600	508	653	510	593	46317
nonperi	TEO	2	882	644	584	644	585	572	50026
nonperi	TEO	3	1071	858	755	884	703	739	67319
nonperi	TEO	4	1343	1089	1027	1179	922	1008	89372
nonperi	TEO	5	1043	820	696	856	681	738	62179
nonperi	TEO	6	1553	1177	1069	1364	1048	1115	97677
nonperi	TEO	7	1043	833	706	846	730	708	61196
nonperi	TEO	8	920	730	601	741	632	635	53151
nonperi	TEO	9	785	619	487	618	509	514	44676
nonperi	TEO	10	857	684	608	745	570	692	55216
nonperi	TEO	11	1200	899	869	968	770	960	78079
nonperi	TEO	12	1153	910	817	937	814	843	70834
nonperi	TEO	13	806	640	471	646	536	536	44897
nonperi	TEO	14	1945	1391	1312	1603	1186	1382	123521
nonperi	TEO	15	1053	817	728	919	724	731	63924
nonperi	TEO	16	1358	1081	1017	1152	911	1027	89363
nonperi	TEO	17	1102	803	729	832	648	671	64126
genic	TEO	1	394	335	260	360	272	313	26801
genic	TEO	2	418	326	284	319	321	295	27582
genic	TEO	3	501	455	374	466	385	397	37716
genic	TEO	4	680	609	538	625	510	531	51379
genic	TEO	5	478	404	329	456	363	352	33434
genic	TEO	6	785	605	516	691	565	555	53911
genic	TEO	7	536	449	357	479	379	390	34050
genic	TEO	8	416	394	274	370	363	330	28777
genic	TEO	9	363	294	250	305	269	265	24549
genic	TEO	10	419	362	274	376	295	360	30588
genic	TEO	11	562	448	428	494	407	474	42447
genic	TEO	12	531	509	396	519	442	427	40497
genic	TEO	13	396	341	249	345	314	276	25737
genic	TEO	14	905	754	685	856	651	750	69089
genic	TEO	15	491	418	337	450	346	365	34676
genic	TEO	16	669	621	533	614	512	546	51551
genic	TEO	17	497	423	363	443	347	354	35254
nongenic	TEO	1	896	687	522	665	499	540	41193
nongenic	TEO	2	870	667	491	618	521	501	40719
nongenic	TEO	3	1132	872	710	826	656	672	57793
nongenic	TEO	4	1418	1104	960	1101	861	886	77106
nongenic	TEO	5	1088	873	655	823	617	667	52669
nongenic	TEO	6	1608	1293	1011	1273	948	1030	84538
nongenic	TEO	7	1090	858	643	810	654	637	52764
nongenic	TEO	8	1050	851	599	797	606	631	50506
nongenic	TEO	9	832	639	471	583	472	478	39092
nongenic	TEO	10	961	785	669	760	583	641	50178
nongenic	TEO	11	1261	942	797	951	717	863	68085
nongenic	TEO	12	1198	947	783	891	705	712	59676
nongenic	TEO	13	941	745	519	706	572	524	43272
nongenic	TEO	14	2036	1447	1226	1472	1074	1179	103051
nongenic	TEO	15	1137	910	709	915	720	674	55609
nongenic	TEO	16	1473	1099	972	1102	842	885	77564
nongenic	TEO	17	1072	782	665	770	606	594	53748
genic_peri	TEO	1	82	76	56	88	58	61	5478
genic_peri	TEO	2	75	65	45	60	62	48	4458
genic_peri	TEO	3	120	104	80	98	68	66	7258
genic_peri	TEO	4	161	131	113	134	124	86	10210
genic_peri	TEO	5	87	73	61	99	63	57	5570
genic_peri	TEO	6	183	148	96	143	121	98	10236
genic_peri	TEO	7	125	95	65	103	78	69	6140
genic_peri	TEO	8	102	95	52	74	92	76	6154
genic_peri	TEO	9	88	58	54	61	62	54	4963
genic_peri	TEO	10	105	89	57	86	75	84	6388
genic_peri	TEO	11	126	89	86	111	78	73	8219
genic_peri	TEO	12	110	105	70	113	91	57	7611
genic_peri	TEO	13	109	82	73	86	78	57	5996
genic_peri	TEO	14	178	164	129	171	143	139	12359
genic_peri	TEO	15	97	89	61	75	66	58	5915
genic_peri	TEO	16	163	139	117	133	120	85	10334
genic_peri	TEO	17	91	81	59	91	63	68	6520
genic_nonperi	TEO	1	312	259	204	272	214	252	21323
genic_nonperi	TEO	2	343	261	239	259	259	247	23124
genic_nonperi	TEO	3	381	351	294	368	317	331	30458
genic_nonperi	TEO	4	519	478	425	491	386	445	41169
genic_nonperi	TEO	5	391	331	268	357	300	295	27864
genic_nonperi	TEO	6	602	457	420	548	444	457	43675
genic_nonperi	TEO	7	411	354	292	376	301	321	27910
genic_nonperi	TEO	8	314	299	222	296	271	254	22623
genic_nonperi	TEO	9	275	236	196	244	207	211	19586
genic_nonperi	TEO	10	314	273	217	290	220	276	24200
genic_nonperi	TEO	11	436	359	342	383	329	401	34228
genic_nonperi	TEO	12	421	404	326	406	351	370	32886
genic_nonperi	TEO	13	287	259	176	259	236	219	19741
genic_nonperi	TEO	14	727	590	556	685	508	611	56730
genic_nonperi	TEO	15	394	329	276	375	280	307	28761
genic_nonperi	TEO	16	506	482	416	481	392	461	41217
genic_nonperi	TEO	17	406	342	304	352	284	286	28734
nongenic_peri	TEO	1	409	346	218	284	203	199	16199
nongenic_peri	TEO	2	331	284	146	233	195	176	13817
nongenic_peri	TEO	3	442	365	249	310	270	264	20932
nongenic_peri	TEO	4	594	493	358	413	325	323	28903
nongenic_peri	TEO	5	436	384	227	324	236	224	18354
nongenic_peri	TEO	6	657	573	362	457	344	372	30536
nongenic_peri	TEO	7	458	379	229	340	225	250	19478
nongenic_peri	TEO	8	444	420	220	352	245	250	19978
nongenic_peri	TEO	9	322	256	180	209	170	175	14002
nongenic_peri	TEO	10	418	374	278	305	233	225	19162
nongenic_peri	TEO	11	497	402	270	366	276	304	24234
nongenic_peri	TEO	12	466	441	292	360	242	239	21728
nongenic_peri	TEO	13	422	364	224	319	272	207	18116
nongenic_peri	TEO	14	818	646	470	554	396	408	36260
nongenic_peri	TEO	15	478	422	257	371	276	250	20446
nongenic_peri	TEO	16	621	500	371	431	323	319	29418
nongenic_peri	TEO	17	376	321	240	290	242	209	18356
nongenic_nonperi	TEO	1	487	341	304	381	296	341	24994
nongenic_nonperi	TEO	2	539	383	345	385	326	325	26902
nongenic_nonperi	TEO	3	690	507	461	516	386	408	36861
nongenic_nonperi	TEO	4	824	611	602	688	536	563	48203
nongenic_nonperi	TEO	5	652	489	428	499	381	443	34315
nongenic_nonperi	TEO	6	951	720	649	816	604	658	54002
nongenic_nonperi	TEO	7	632	479	414	470	429	387	33286
nongenic_nonperi	TEO	8	606	431	379	445	361	381	30528
nongenic_nonperi	TEO	9	510	383	291	374	302	303	25090
nongenic_nonperi	TEO	10	543	411	391	455	350	416	31016
nongenic_nonperi	TEO	11	764	540	527	585	441	559	43851
nongenic_nonperi	TEO	12	732	506	491	531	463	473	37948
nongenic_nonperi	TEO	13	519	381	295	387	300	317	25156
nongenic_nonperi	TEO	14	1218	801	756	918	678	771	66791
nongenic_nonperi	TEO	15	659	488	452	544	444	424	35163
nongenic_nonperi	TEO	16	852	599	601	671	519	566	48146
nongenic_nonperi	TEO	17	696	461	425	480	364	385	35392
peri	LAN	1	122	121	62	87	86	79	5638
peri	LAN	2	73	69	38	61	51	44	3718
peri	LAN	3	104	120	70	103	85	75	5949
peri	LAN	4	120	93	67	95	69	56	5394
peri	LAN	5	83	66	36	83	64	59	4707
peri	LAN	6	89	68	45	61	54	51	4199
peri	LAN	7	143	108	90	128	83	82	6980
peri	LAN	8	62	52	26	40	28	32	2586
peri	LAN	9	73	56	32	65	60	48	3291
peri	LAN	10	77	66	27	52	41	34	3041
peri	LAN	11	134	104	62	91	85	54	5618
peri	LAN	12	105	103	62	70	63	49	4907
peri	LAN	13	64	42	31	41	28	41	2553
peri	LAN	14	124	105	77	76	63	73	6180
peri	LAN	15	79	56	41	65	47	45	3735
peri	LAN	16	125	123	81	121	68	83	6408
peri	LAN	17	144	110	68	114	69	58	6037
peri	LAN	18	105	78	42	48	46	41	3760
peri	LAN	19	83	74	35	65	39	34	3427
peri	LAN	20	139	118	79	129	101	93	6604
peri	LAN	21	60	64	38	67	33	48	3040
peri	LAN	22	131	96	62	107	93	83	6173
peri	LAN	23	45	33	22	25	35	33	2240
nonperi	LAN	1	189	138	143	168	132	135	10855
nonperi	LAN	2	103	100	74	92	85	72	6800
nonperi	LAN	3	204	150	130	146	113	148	10565
nonperi	LAN	4	182	146	135	144	123	137	11509
nonperi	LAN	5	122	108	107	106	117	109	8807
nonperi	LAN	6	152	116	94	115	87	93	8503
nonperi	LAN	7	223	188	149	202	150	177	13974
nonperi	LAN	8	88	74	51	71	72	63	5069
nonperi	LAN	9	108	114	66	109	89	75	6632
nonperi	LAN	10	103	89	70	87	74	90	5770
nonperi	LAN	11	205	195	148	180	154	168	12859
nonperi	LAN	12	173	131	112	153	104	127	9418
nonperi	LAN	13	100	77	64	90	71	70	5935
nonperi	LAN	14	194	152	154	170	124	170	12125
nonperi	LAN	15	129	113	78	113	83	100	7714
nonperi	LAN	16	200	169	148	166	153	138	12306
nonperi	LAN	17	191	185	135	166	143	152	12274
nonperi	LAN	18	136	128	94	131	108	118	8282
nonperi	LAN	19	127	95	76	92	72	95	6563
nonperi	LAN	20	231	190	164	202	134	184	13299
nonperi	LAN	21	126	94	66	103	83	76	6392
nonperi	LAN	22	194	171	145	184	164	150	12645
nonperi	LAN	23	68	61	41	57	44	60	4571
genic	LAN	1	94	61	51	67	63	73	5312
genic	LAN	2	36	35	33	34	31	38	3043
genic	LAN	3	69	58	52	62	55	58	4909
genic	LAN	4	57	53	49	55	58	46	5143
genic	LAN	5	56	50	46	50	57	54	4335
genic	LAN	6	57	42	37	45	26	32	3681
genic	LAN	7	107	76	69	99	78	90	6969
genic	LAN	8	27	16	18	26	25	26	2202
genic	LAN	9	42	44	29	52	48	34	2971
genic	LAN	10	45	35	27	31	25	39	2594
genic	LAN	11	90	84	57	80	63	74	6298
genic	LAN	12	63	42	43	60	43	67	4283
genic	LAN	13	41	27	31	34	22	34	2524
genic	LAN	14	73	58	59	59	60	80	5686
genic	LAN	15	46	35	40	48	28	35	3445
genic	LAN	16	94	65	69	84	65	65	6117
genic	LAN	17	65	75	63	63	60	64	5903
genic	LAN	18	60	41	41	55	49	52	3867
genic	LAN	19	43	39	31	36	28	50	3054
genic	LAN	20	100	91	81	98	74	74	6762
genic	LAN	21	30	25	27	41	37	36	2854
genic	LAN	22	75	54	58	86	81	68	5903
genic	LAN	23	19	17	16	25	20	33	2071
nongenic	LAN	1	217	198	154	188	155	141	11181
nongenic	LAN	2	140	134	79	119	105	78	7475
nongenic	LAN	3	239	212	148	187	143	165	11605
nongenic	LAN	4	245	186	153	184	134	147	11760
nongenic	LAN	5	149	124	97	139	124	114	9179
nongenic	LAN	6	184	142	102	131	115	112	9021
nongenic	LAN	7	259	220	170	231	155	169	13985
nongenic	LAN	8	123	110	59	85	75	69	5453
nongenic	LAN	9	139	126	69	122	101	89	6952
nongenic	LAN	10	135	120	70	108	90	85	6217
nongenic	LAN	11	249	215	153	191	176	148	12179
nongenic	LAN	12	215	192	131	163	124	109	10042
nongenic	LAN	13	123	92	64	97	77	77	5964
nongenic	LAN	14	245	199	172	187	127	163	12619
nongenic	LAN	15	162	134	79	130	102	110	8004
nongenic	LAN	16	231	227	160	203	156	156	12597
nongenic	LAN	17	270	220	140	217	152	146	12408
nongenic	LAN	18	181	165	95	124	105	107	8175
nongenic	LAN	19	167	130	80	121	83	79	6936
nongenic	LAN	20	270	217	162	233	161	203	13141
nongenic	LAN	21	156	133	77	129	79	88	6578
nongenic	LAN	22	250	213	149	205	176	165	12915
nongenic	LAN	23	94	77	47	57	59	60	4740
genic_peri	LAN	1	17	14	11	8	19	15	1008
genic_peri	LAN	2	7	14	6	8	6	11	622
genic_peri	LAN	3	10	12	10	15	13	12	980
genic_peri	LAN	4	13	13	14	7	5	5	820
genic_peri	LAN	5	17	13	11	12	14	13	943
genic_peri	LAN	6	15	9	13	6	5	5	647
genic_peri	LAN	7	23	19	20	21	14	14	1260
genic_peri	LAN	8	5	5	4	4	1	4	363
genic_peri	LAN	9	9	5	6	10	13	12	537
genic_peri	LAN	10	10	6	3	6	3	8	464
genic_peri	LAN	11	22	20	7	15	10	14	1012
genic_peri	LAN	12	12	7	9	11	15	9	828
genic_peri	LAN	13	10	6	8	9	2	7	435
genic_peri	LAN	14	14	15	9	9	14	12	1116
genic_peri	LAN	15	9	10	9	8	2	5	625
genic_peri	LAN	16	17	21	21	19	8	10	1181
genic_peri	LAN	17	18	16	15	18	9	12	1083
genic_peri	LAN	18	16	3	4	4	4	8	610
genic_peri	LAN	19	10	14	4	7	5	9	621
genic_peri	LAN	20	19	18	19	23	15	13	1266
genic_peri	LAN	21	6	6	8	5	7	10	487
genic_peri	LAN	22	20	7	7	14	18	19	1048
genic_peri	LAN	23	1	5	0	5	4	9	378
genic_nonperi	LAN	1	77	47	40	59	44	58	4304
genic_nonperi	LAN	2	29	21	27	26	25	27	2421
genic_nonperi	LAN	3	59	46	42	47	42	46	3929
genic_nonperi	LAN	4	44	40	35	48	53	41	4323
genic_nonperi	LAN	5	39	37	35	38	43	41	3392
genic_nonperi	LAN	6	42	33	24	39	21	27	3034
genic_nonperi	LAN	7	84	57	49	78	64	76	5709
genic_nonperi	LAN	8	22	11	14	22	24	22	1839
genic_nonperi	LAN	9	33	39	23	42	35	22	2434
genic_nonperi	LAN	10	35	29	24	25	22	31	2130
genic_nonperi	LAN	11	68	64	50	65	53	60	5286
genic_nonperi	LAN	12	51	35	34	49	28	58	3455
genic_nonperi	LAN	13	31	21	23	25	20	27	2089
genic_nonperi	LAN	14	59	43	50	50	46	68	4570
genic_nonperi	LAN	15	37	25	31	40	26	30	2820
genic_nonperi	LAN	16	77	44	48	65	57	55	4936
genic_nonperi	LAN	17	47	59	48	45	51	52	4820
genic_nonperi	LAN	18	44	38	37	51	45	44	3257
genic_nonperi	LAN	19	33	25	27	29	23	41	2433
genic_nonperi	LAN	20	81	73	62	75	59	61	5496
genic_nonperi	LAN	21	24	19	19	36	30	26	2367
genic_nonperi	LAN	22	55	47	51	72	63	49	4855
genic_nonperi	LAN	23	18	12	16	20	16	24	1693
nongenic_peri	LAN	1	105	107	51	79	67	64	4630
nongenic_peri	LAN	2	66	55	32	53	45	33	3096
nongenic_peri	LAN	3	94	108	60	88	72	63	4969
nongenic_peri	LAN	4	107	80	53	88	64	51	4574
nongenic_peri	LAN	5	66	53	25	71	50	46	3764
nongenic_peri	LAN	6	74	59	32	55	49	46	3552
nongenic_peri	LAN	7	120	89	70	107	69	68	5720
nongenic_peri	LAN	8	57	47	22	36	27	28	2223
nongenic_peri	LAN	9	64	51	26	55	47	36	2754
nongenic_peri	LAN	10	67	60	24	46	38	26	2577
nongenic_peri	LAN	11	112	84	55	76	75	40	4606
nongenic_peri	LAN	12	93	96	53	59	48	40	4079
nongenic_peri	LAN	13	54	36	23	32	26	34	2118
nongenic_peri	LAN	14	110	90	68	67	49	61	5064
nongenic_peri	LAN	15	70	46	32	57	45	40	3110
nongenic_peri	LAN	16	108	102	60	102	60	73	5227
nongenic_peri	LAN	17	126	94	53	96	60	46	4954
nongenic_peri	LAN	18	89	75	38	44	42	33	3150
nongenic_peri	LAN	19	73	60	31	58	34	25	2806
nongenic_peri	LAN	20	120	100	60	106	86	80	5338
nongenic_peri	LAN	21	54	58	30	62	26	38	2553
nongenic_peri	LAN	22	111	89	55	93	75	64	5125
nongenic_peri	LAN	23	44	28	22	20	31	24	1862
nongenic_nonperi	LAN	1	112	91	103	109	88	77	6551
nongenic_nonperi	LAN	2	74	79	47	66	60	45	4379
nongenic_nonperi	LAN	3	145	104	88	99	71	102	6636
nongenic_nonperi	LAN	4	138	106	100	96	70	96	7186
nongenic_nonperi	LAN	5	83	71	72	68	74	68	5415
nongenic_nonperi	LAN	6	110	83	70	76	66	66	5469
nongenic_nonperi	LAN	7	139	131	100	124	86	101	8265
nongenic_nonperi	LAN	8	66	63	37	49	48	41	3230
nongenic_nonperi	LAN	9	75	75	43	67	54	53	4198
nongenic_nonperi	LAN	10	68	60	46	62	52	59	3640
nongenic_nonperi	LAN	11	137	131	98	115	101	108	7573
nongenic_nonperi	LAN	12	122	96	78	104	76	69	5963
nongenic_nonperi	LAN	13	69	56	41	65	51	43	3846
nongenic_nonperi	LAN	14	135	109	104	120	78	102	7555
nongenic_nonperi	LAN	15	92	88	47	73	57	70	4894
nongenic_nonperi	LAN	16	123	125	100	101	96	83	7370
nongenic_nonperi	LAN	17	144	126	87	121	92	100	7454
nongenic_nonperi	LAN	18	92	90	57	80	63	74	5025
nongenic_nonperi	LAN	19	94	70	49	63	49	54	4130
nongenic_nonperi	LAN	20	150	117	102	127	75	123	7803
nongenic_nonperi	LAN	21	102	75	47	67	53	50	4025
nongenic_nonperi	LAN	22	139	124	94	112	101	101	7790
nongenic_nonperi	LAN	23	50	49	25	37	28	36	2878
peri	IMP	1	36	41	36	34	41	25	2946
peri	IMP	2	98	104	62	63	57	55	4879
peri	IMP	3	140	122	70	102	87	56	5829
peri	IMP	4	95	93	62	62	57	51	4417
peri	IMP	5	112	117	66	80	81	53	5443
peri	IMP	6	133	124	71	81	92	92	5975
peri	IMP	7	124	123	84	96	86	59	6158
peri	IMP	8	112	97	69	83	85	72	5315
peri	IMP	9	115	97	58	81	98	66	5354
peri	IMP	10	115	99	74	104	87	53	5603
peri	IMP	11	119	97	66	60	96	63	4809
peri	IMP	12	121	134	68	101	82	75	5806
peri	IMP	13	132	115	67	121	71	66	5407
peri	IMP	14	159	134	64	104	94	61	6009
peri	IMP	15	119	121	72	99	81	58	5395
peri	IMP	16	121	122	72	102	81	70	5696
peri	IMP	17	139	128	86	94	99	65	6274
peri	IMP	18	118	114	45	86	85	58	5326
peri	IMP	19	153	127	71	89	89	65	5896
peri	IMP	20	135	107	68	102	65	59	5445
peri	IMP	21	130	131	89	110	81	72	5795
peri	IMP	22	149	121	59	92	95	70	5512
peri	IMP	23	162	133	54	95	101	70	6444
peri	IMP	24	129	122	69	104	87	63	5965
peri	IMP	25	136	110	73	96	76	78	6088
peri	IMP	26	132	124	72	120	78	66	5447
peri	IMP	27	141	114	74	101	85	72	6293
peri	IMP	28	155	133	79	108	117	57	6889
peri	IMP	29	140	113	74	100	102	83	6460
peri	IMP	30	128	125	67	100	82	69	5906
peri	IMP	31	153	136	86	101	106	76	6321
peri	IMP	32	141	111	73	98	78	76	5572
peri	IMP	33	119	96	45	77	64	50	4584
peri	IMP	34	99	114	71	83	83	61	5093
peri	IMP	35	136	96	67	75	76	62	4993
peri	IMP	36	112	90	61	86	66	55	5042
peri	IMP	37	131	106	45	78	81	58	5195
peri	IMP	38	136	122	73	114	101	66	6111
peri	IMP	39	69	83	59	59	50	42	3673
peri	IMP	40	106	111	53	69	66	45	4695
peri	IMP	41	131	121	55	89	71	60	5142
peri	IMP	42	120	115	67	84	77	52	5605
peri	IMP	43	103	101	61	75	72	53	4743
peri	IMP	44	107	114	56	74	69	66	5137
peri	IMP	45	112	112	51	56	54	55	4313
peri	IMP	46	108	111	54	81	69	60	4726
peri	IMP	47	159	116	83	102	91	60	6687
peri	IMP	48	106	100	49	73	68	49	4649
peri	IMP	49	124	106	70	87	72	64	5706
peri	IMP	50	109	70	43	87	52	47	4488
peri	IMP	51	127	86	68	77	81	40	5360
peri	IMP	52	85	68	42	56	55	53	3653
peri	IMP	53	134	104	67	86	65	49	5235
peri	IMP	54	101	114	61	67	76	56	4689
peri	IMP	55	112	100	74	79	81	61	5350
peri	IMP	56	125	131	71	103	97	70	5927
peri	IMP	57	132	131	70	80	92	50	5653
peri	IMP	58	156	146	83	117	100	70	6707
peri	IMP	59	113	82	41	68	61	56	4814
peri	IMP	60	136	117	76	97	75	68	6394
nonperi	IMP	1	96	73	69	85	80	72	7100
nonperi	IMP	2	185	157	152	184	155	161	11842
nonperi	IMP	3	212	190	157	185	154	148	12718
nonperi	IMP	4	197	191	142	156	146	120	11517
nonperi	IMP	5	210	200	167	165	136	138	12685
nonperi	IMP	6	232	180	173	189	182	177	13977
nonperi	IMP	7	242	183	173	207	159	191	14070
nonperi	IMP	8	228	206	167	167	170	157	12951
nonperi	IMP	9	194	171	149	171	146	147	11892
nonperi	IMP	10	210	159	129	189	144	149	12063
nonperi	IMP	11	210	190	151	158	130	159	11926
nonperi	IMP	12	197	169	157	169	141	124	11554
nonperi	IMP	13	222	184	158	201	148	173	13688
nonperi	IMP	14	221	212	151	187	165	118	12797
nonperi	IMP	15	200	146	131	127	122	117	10407
nonperi	IMP	16	208	186	145	166	149	142	12063
nonperi	IMP	17	225	178	144	181	162	157	13628
nonperi	IMP	18	223	166	110	177	157	149	11972
nonperi	IMP	19	211	171	169	157	135	174	12501
nonperi	IMP	20	269	202	178	194	184	167	14041
nonperi	IMP	21	236	197	121	143	158	153	12761
nonperi	IMP	22	226	201	129	183	146	139	13010
nonperi	IMP	23	207	147	140	179	147	142	12146
nonperi	IMP	24	215	180	149	167	154	138	11913
nonperi	IMP	25	227	193	167	190	147	156	13082
nonperi	IMP	26	205	189	155	195	162	141	12450
nonperi	IMP	27	245	189	166	217	164	178	13726
nonperi	IMP	28	224	177	141	200	158	162	13083
nonperi	IMP	29	245	214	163	211	156	165	13981
nonperi	IMP	30	235	219	134	183	145	170	13233
nonperi	IMP	31	242	222	153	226	156	157	13537
nonperi	IMP	32	214	181	148	205	142	164	12734
nonperi	IMP	33	215	177	140	183	158	162	12000
nonperi	IMP	34	230	197	152	163	179	138	12292
nonperi	IMP	35	207	173	161	145	148	134	12352
nonperi	IMP	36	225	163	164	161	137	146	12600
nonperi	IMP	37	233	195	131	165	162	163	12428
nonperi	IMP	38	286	245	174	219	193	171	15366
nonperi	IMP	39	185	163	106	132	106	118	9235
nonperi	IMP	40	194	190	112	172	155	126	11549
nonperi	IMP	41	193	167	144	158	131	141	11446
nonperi	IMP	42	209	162	147	186	138	167	12430
nonperi	IMP	43	201	195	152	183	169	158	12519
nonperi	IMP	44	186	179	153	180	130	165	12223
nonperi	IMP	45	196	149	142	149	137	141	11100
nonperi	IMP	46	162	170	118	138	136	109	10243
nonperi	IMP	47	255	204	182	206	162	173	15284
nonperi	IMP	48	185	183	127	143	135	146	10951
nonperi	IMP	49	280	196	153	184	159	168	13509
nonperi	IMP	50	184	154	142	142	131	160	11397
nonperi	IMP	51	210	198	166	144	141	141	12225
nonperi	IMP	52	155	153	115	147	133	119	9773
nonperi	IMP	53	203	184	134	141	143	119	11848
nonperi	IMP	54	176	179	120	142	131	128	10925
nonperi	IMP	55	192	178	157	191	159	140	12183
nonperi	IMP	56	238	199	151	184	166	156	13411
nonperi	IMP	57	201	191	150	158	139	154	11933
nonperi	IMP	58	218	210	170	202	173	165	13560
nonperi	IMP	59	186	163	136	173	164	153	12244
nonperi	IMP	60	231	188	168	189	151	160	13825
genic	IMP	1	54	55	51	50	66	46	4529
genic	IMP	2	64	70	70	80	72	74	5618
genic	IMP	3	85	76	68	82	74	72	5877
genic	IMP	4	92	81	58	86	91	58	5655
genic	IMP	5	88	90	65	75	73	62	5844
genic	IMP	6	103	81	78	77	84	106	6686
genic	IMP	7	79	74	74	86	64	63	6172
genic	IMP	8	99	82	64	80	86	82	6025
genic	IMP	9	69	79	60	75	75	78	5705
genic	IMP	10	86	72	64	83	69	68	5815
genic	IMP	11	76	89	58	65	65	78	5416
genic	IMP	12	81	72	56	72	63	56	5450
genic	IMP	13	89	78	64	87	68	72	6412
genic	IMP	14	87	80	63	72	82	46	6153
genic	IMP	15	81	58	55	61	60	54	5149
genic	IMP	16	77	85	72	65	70	55	5619
genic	IMP	17	104	68	57	74	92	69	6455
genic	IMP	18	94	67	48	81	87	74	6056
genic	IMP	19	77	76	75	65	74	71	5732
genic	IMP	20	106	90	80	77	72	65	6535
genic	IMP	21	89	78	53	62	67	65	5697
genic	IMP	22	93	72	49	72	75	63	6338
genic	IMP	23	85	69	57	79	64	67	5733
genic	IMP	24	85	91	54	73	69	69	5608
genic	IMP	25	82	81	56	92	78	61	6249
genic	IMP	26	94	79	71	78	66	63	5802
genic	IMP	27	90	75	66	106	79	61	6387
genic	IMP	28	96	66	55	80	70	63	6129
genic	IMP	29	96	95	73	82	80	84	6683
genic	IMP	30	97	90	52	74	61	73	6021
genic	IMP	31	100	91	68	99	75	71	6275
genic	IMP	32	76	74	63	89	60	89	6079
genic	IMP	33	86	79	61	65	67	64	5446
genic	IMP	34	93	72	52	70	76	60	5505
genic	IMP	35	69	53	64	53	73	52	5539
genic	IMP	36	85	68	53	63	64	56	5400
genic	IMP	37	101	88	64	69	66	75	5748
genic	IMP	38	97	98	70	89	101	63	6692
genic	IMP	39	60	61	55	51	42	49	4370
genic	IMP	40	73	88	55	76	72	47	5300
genic	IMP	41	80	72	63	73	72	75	5483
genic	IMP	42	76	71	64	85	62	61	5773
genic	IMP	43	72	84	65	78	67	61	5680
genic	IMP	44	68	76	63	77	56	76	5497
genic	IMP	45	83	71	59	64	64	57	5127
genic	IMP	46	69	87	63	52	61	61	5181
genic	IMP	47	85	72	53	83	63	71	6244
genic	IMP	48	76	72	48	64	64	57	5191
genic	IMP	49	89	86	65	73	77	79	6197
genic	IMP	50	83	63	47	71	75	74	5266
genic	IMP	51	90	81	69	69	83	59	5893
genic	IMP	52	60	58	58	65	66	54	4545
genic	IMP	53	79	72	72	54	60	59	5334
genic	IMP	54	74	79	67	59	78	59	5169
genic	IMP	55	60	70	73	85	70	57	5649
genic	IMP	56	82	81	68	87	68	69	6199
genic	IMP	57	79	86	55	73	65	75	5642
genic	IMP	58	90	97	69	86	88	71	6531
genic	IMP	59	77	66	60	68	81	57	5417
genic	IMP	60	82	71	63	91	62	54	5918
nongenic	IMP	1	78	59	54	69	55	51	5517
nongenic	IMP	2	219	191	144	167	140	142	11103
nongenic	IMP	3	267	236	159	205	167	132	12670
nongenic	IMP	4	200	203	146	132	112	113	10279
nongenic	IMP	5	234	227	168	170	144	129	12284
nongenic	IMP	6	262	223	166	193	190	163	13266
nongenic	IMP	7	287	232	183	217	181	187	14056
nongenic	IMP	8	241	221	172	170	169	147	12241
nongenic	IMP	9	240	189	147	177	169	135	11541
nongenic	IMP	10	239	186	139	210	162	134	11851
nongenic	IMP	11	253	198	159	153	161	144	11319
nongenic	IMP	12	237	231	169	198	160	143	11910
nongenic	IMP	13	265	221	161	235	151	167	12683
nongenic	IMP	14	293	266	152	219	177	133	12653
nongenic	IMP	15	238	209	148	165	143	121	10653
nongenic	IMP	16	252	223	145	203	160	157	12140
nongenic	IMP	17	260	238	173	201	169	153	13447
nongenic	IMP	18	247	213	107	182	155	133	11242
nongenic	IMP	19	287	222	165	181	150	168	12665
nongenic	IMP	20	298	219	166	219	177	161	12951
nongenic	IMP	21	277	250	157	191	172	160	12859
nongenic	IMP	22	282	250	139	203	166	146	12184
nongenic	IMP	23	284	211	137	195	184	145	12857
nongenic	IMP	24	259	211	164	198	172	132	12270
nongenic	IMP	25	281	222	184	194	145	173	12921
nongenic	IMP	26	243	234	156	237	174	144	12095
nongenic	IMP	27	296	228	174	212	170	189	13632
nongenic	IMP	28	283	244	165	228	205	156	13843
nongenic	IMP	29	289	232	164	229	178	164	13758
nongenic	IMP	30	266	254	149	209	166	166	13118
nongenic	IMP	31	295	267	171	228	187	162	13583
nongenic	IMP	32	279	218	158	214	160	151	12227
nongenic	IMP	33	248	194	124	195	155	148	11138
nongenic	IMP	34	236	239	171	176	186	139	11880
nongenic	IMP	35	274	216	164	167	151	144	11806
nongenic	IMP	36	252	185	172	184	139	145	12242
nongenic	IMP	37	263	213	112	174	177	146	11875
nongenic	IMP	38	325	269	177	244	193	174	14785
nongenic	IMP	39	194	185	110	140	114	111	8538
nongenic	IMP	40	227	213	110	165	149	124	10944
nongenic	IMP	41	244	216	136	174	130	126	11105
nongenic	IMP	42	253	206	150	185	153	158	12262
nongenic	IMP	43	232	212	148	180	174	150	11582
nongenic	IMP	44	225	217	146	177	143	155	11863
nongenic	IMP	45	225	190	134	141	127	139	10286
nongenic	IMP	46	201	194	109	167	144	108	9788
nongenic	IMP	47	329	248	212	225	190	162	15727
nongenic	IMP	48	215	211	128	152	139	138	10409
nongenic	IMP	49	315	216	158	198	154	153	13018
nongenic	IMP	50	210	161	138	158	108	133	10619
nongenic	IMP	51	247	203	165	152	139	122	11692
nongenic	IMP	52	180	163	99	138	122	118	8881
nongenic	IMP	53	258	216	129	173	148	109	11749
nongenic	IMP	54	203	214	114	150	129	125	10445
nongenic	IMP	55	244	208	158	185	170	144	11884
nongenic	IMP	56	281	249	154	200	195	157	13139
nongenic	IMP	57	254	236	165	165	166	129	11944
nongenic	IMP	58	284	259	184	233	185	164	13736
nongenic	IMP	59	222	179	117	173	144	152	11641
nongenic	IMP	60	285	234	181	195	164	174	14301
genic_peri	IMP	1	8	15	15	8	18	6	872
genic_peri	IMP	2	8	14	11	8	10	10	909
genic_peri	IMP	3	26	16	11	10	12	13	1038
genic_peri	IMP	4	18	18	15	15	16	12	1009
genic_peri	IMP	5	20	15	11	9	19	10	938
genic_peri	IMP	6	30	23	12	8	14	27	1183
genic_peri	IMP	7	15	22	12	15	14	7	1027
genic_peri	IMP	8	21	11	13	15	14	21	1037
genic_peri	IMP	9	13	18	7	14	17	11	954
genic_peri	IMP	10	15	20	16	10	15	15	1049
genic_peri	IMP	11	9	17	10	11	14	10	752
genic_peri	IMP	12	19	20	8	18	13	7	1066
genic_peri	IMP	13	15	17	7	18	12	12	945
genic_peri	IMP	14	24	11	8	11	21	11	1025
genic_peri	IMP	15	19	17	10	14	13	10	1044
genic_peri	IMP	16	13	18	14	14	10	9	924
genic_peri	IMP	17	23	23	11	12	17	10	1076
genic_peri	IMP	18	12	14	5	11	14	18	1016
genic_peri	IMP	19	16	20	11	8	18	9	938
genic_peri	IMP	20	20	20	10	17	15	7	1002
genic_peri	IMP	21	10	11	19	17	13	8	918
genic_peri	IMP	22	19	9	4	12	13	15	893
genic_peri	IMP	23	25	14	8	17	14	11	1117
genic_peri	IMP	24	18	20	10	20	13	15	1041
genic_peri	IMP	25	20	15	10	14	18	8	1051
genic_peri	IMP	26	14	14	16	20	15	8	927
genic_peri	IMP	27	13	9	9	20	17	8	1033
genic_peri	IMP	28	18	19	8	11	18	9	1214
genic_peri	IMP	29	17	18	9	11	14	19	1094
genic_peri	IMP	30	15	15	10	12	12	15	939
genic_peri	IMP	31	19	23	12	13	13	14	981
genic_peri	IMP	32	21	12	14	15	6	21	961
genic_peri	IMP	33	19	23	6	4	13	4	914
genic_peri	IMP	34	12	15	10	9	12	8	809
genic_peri	IMP	35	15	9	10	9	17	12	917
genic_peri	IMP	36	16	15	5	8	8	4	787
genic_peri	IMP	37	16	19	8	9	10	15	911
genic_peri	IMP	38	18	16	11	10	19	11	1018
genic_peri	IMP	39	8	11	13	8	7	8	627
genic_peri	IMP	40	18	21	7	9	13	7	849
genic_peri	IMP	41	20	16	12	15	14	14	885
genic_peri	IMP	42	15	20	10	12	17	7	976
genic_peri	IMP	43	10	21	13	9	6	12	879
genic_peri	IMP	44	13	12	5	16	8	11	889
genic_peri	IMP	45	16	18	5	6	8	8	670
genic_peri	IMP	46	19	21	12	10	12	12	897
genic_peri	IMP	47	16	14	7	14	13	14	1121
genic_peri	IMP	48	14	18	11	9	9	6	858
genic_peri	IMP	49	17	15	13	14	13	11	991
genic_peri	IMP	50	14	13	3	18	9	9	756
genic_peri	IMP	51	20	12	15	12	17	8	1055
genic_peri	IMP	52	10	12	10	6	9	5	609
genic_peri	IMP	53	19	12	15	13	7	5	922
genic_peri	IMP	54	16	9	13	10	15	9	751
genic_peri	IMP	55	13	10	10	11	14	3	837
genic_peri	IMP	56	14	17	13	17	8	9	992
genic_peri	IMP	57	21	18	5	15	14	13	913
genic_peri	IMP	58	18	30	11	12	19	10	1220
genic_peri	IMP	59	12	6	9	9	13	9	903
genic_peri	IMP	60	12	16	13	14	14	13	1071
genic_nonperi	IMP	1	46	40	36	42	48	40	3657
genic_nonperi	IMP	2	56	56	59	72	62	64	4709
genic_nonperi	IMP	3	59	60	57	72	62	59	4839
genic_nonperi	IMP	4	74	63	43	71	75	46	4646
genic_nonperi	IMP	5	68	75	54	66	54	52	4906
genic_nonperi	IMP	6	73	58	66	69	70	79	5503
genic_nonperi	IMP	7	64	52	62	71	50	56	5145
genic_nonperi	IMP	8	78	71	51	65	72	61	4988
genic_nonperi	IMP	9	56	61	53	61	58	67	4751
genic_nonperi	IMP	10	71	52	48	73	54	53	4766
genic_nonperi	IMP	11	67	72	48	54	51	68	4664
genic_nonperi	IMP	12	62	52	48	54	50	49	4384
genic_nonperi	IMP	13	74	61	57	69	56	60	5467
genic_nonperi	IMP	14	63	69	55	61	61	35	5128
genic_nonperi	IMP	15	62	41	45	47	47	44	4105
genic_nonperi	IMP	16	64	67	58	51	60	46	4695
genic_nonperi	IMP	17	81	45	46	62	75	59	5379
genic_nonperi	IMP	18	82	53	43	70	73	56	5040
genic_nonperi	IMP	19	61	56	64	57	56	62	4794
genic_nonperi	IMP	20	86	70	70	60	57	58	5533
genic_nonperi	IMP	21	79	67	34	45	54	57	4779
genic_nonperi	IMP	22	74	63	45	60	62	48	5445
genic_nonperi	IMP	23	60	55	49	62	50	56	4616
genic_nonperi	IMP	24	67	71	44	53	56	54	4567
genic_nonperi	IMP	25	62	66	46	78	60	53	5198
genic_nonperi	IMP	26	80	65	55	58	51	55	4875
genic_nonperi	IMP	27	77	66	57	86	62	53	5354
genic_nonperi	IMP	28	78	47	47	69	52	54	4915
genic_nonperi	IMP	29	79	77	64	71	66	65	5589
genic_nonperi	IMP	30	82	75	42	62	49	58	5082
genic_nonperi	IMP	31	81	68	56	86	62	57	5294
genic_nonperi	IMP	32	55	62	49	74	54	68	5118
genic_nonperi	IMP	33	67	56	55	61	54	60	4532
genic_nonperi	IMP	34	81	57	42	61	64	52	4696
genic_nonperi	IMP	35	54	44	54	44	56	40	4622
genic_nonperi	IMP	36	69	53	48	55	56	52	4613
genic_nonperi	IMP	37	85	69	56	60	56	60	4837
genic_nonperi	IMP	38	79	82	59	79	82	52	5674
genic_nonperi	IMP	39	52	50	42	43	35	41	3743
genic_nonperi	IMP	40	55	67	48	67	59	40	4451
genic_nonperi	IMP	41	60	56	51	58	58	61	4598
genic_nonperi	IMP	42	61	51	54	73	45	54	4797
genic_nonperi	IMP	43	62	63	52	69	61	49	4801
genic_nonperi	IMP	44	55	64	58	61	48	65	4608
genic_nonperi	IMP	45	67	53	54	58	56	49	4457
genic_nonperi	IMP	46	50	66	51	42	49	49	4284
genic_nonperi	IMP	47	69	58	46	69	50	57	5123
genic_nonperi	IMP	48	62	54	37	55	55	51	4333
genic_nonperi	IMP	49	72	71	52	59	64	68	5206
genic_nonperi	IMP	50	69	50	44	53	66	65	4510
genic_nonperi	IMP	51	70	69	54	57	66	51	4838
genic_nonperi	IMP	52	50	46	48	59	57	49	3936
genic_nonperi	IMP	53	60	60	57	41	53	54	4412
genic_nonperi	IMP	54	58	70	54	49	63	50	4418
genic_nonperi	IMP	55	47	60	63	74	56	54	4812
genic_nonperi	IMP	56	68	64	55	70	60	60	5207
genic_nonperi	IMP	57	58	68	50	58	51	62	4729
genic_nonperi	IMP	58	72	67	58	74	69	61	5311
genic_nonperi	IMP	59	65	60	51	59	68	48	4514
genic_nonperi	IMP	60	70	55	50	77	48	41	4847
nongenic_peri	IMP	1	28	26	21	26	23	19	2074
nongenic_peri	IMP	2	90	90	51	55	47	45	3970
nongenic_peri	IMP	3	114	106	59	92	75	43	4791
nongenic_peri	IMP	4	77	75	47	47	41	39	3408
nongenic_peri	IMP	5	92	102	55	71	62	43	4505
nongenic_peri	IMP	6	103	101	59	73	78	65	4792
nongenic_peri	IMP	7	109	101	72	81	72	52	5131
nongenic_peri	IMP	8	91	86	56	68	71	51	4278
nongenic_peri	IMP	9	102	79	51	67	81	55	4400
nongenic_peri	IMP	10	100	79	58	94	72	38	4554
nongenic_peri	IMP	11	110	80	56	49	82	53	4057
nongenic_peri	IMP	12	102	114	60	83	69	68	4740
nongenic_peri	IMP	13	117	98	60	103	59	54	4462
nongenic_peri	IMP	14	135	123	56	93	73	50	4984
nongenic_peri	IMP	15	100	104	62	85	68	48	4351
nongenic_peri	IMP	16	108	104	58	88	71	61	4772
nongenic_peri	IMP	17	116	105	75	82	82	55	5198
nongenic_peri	IMP	18	106	100	40	75	71	40	4310
nongenic_peri	IMP	19	137	107	60	81	71	56	4958
nongenic_peri	IMP	20	115	87	58	85	50	52	4443
nongenic_peri	IMP	21	120	120	70	93	68	64	4877
nongenic_peri	IMP	22	130	112	55	80	82	55	4619
nongenic_peri	IMP	23	137	119	46	78	87	59	5327
nongenic_peri	IMP	24	111	102	59	84	74	48	4924
nongenic_peri	IMP	25	116	95	63	82	58	70	5037
nongenic_peri	IMP	26	118	110	56	100	63	58	4520
nongenic_peri	IMP	27	128	105	65	81	68	64	5260
nongenic_peri	IMP	28	137	114	71	97	99	48	5675
nongenic_peri	IMP	29	123	95	65	89	88	64	5366
nongenic_peri	IMP	30	113	110	57	88	70	54	4967
nongenic_peri	IMP	31	134	113	74	88	93	62	5340
nongenic_peri	IMP	32	120	99	59	83	72	55	4611
nongenic_peri	IMP	33	100	73	39	73	51	46	3670
nongenic_peri	IMP	34	87	99	61	74	71	53	4284
nongenic_peri	IMP	35	121	87	57	66	59	50	4076
nongenic_peri	IMP	36	96	75	56	78	58	51	4255
nongenic_peri	IMP	37	115	87	37	69	71	43	4284
nongenic_peri	IMP	38	118	106	62	104	82	55	5093
nongenic_peri	IMP	39	61	72	46	51	43	34	3046
nongenic_peri	IMP	40	88	90	46	60	53	38	3846
nongenic_peri	IMP	41	111	105	43	74	57	46	4257
nongenic_peri	IMP	42	105	95	57	72	60	45	4629
nongenic_peri	IMP	43	93	80	48	66	66	41	3864
nongenic_peri	IMP	44	94	102	51	58	61	55	4248
nongenic_peri	IMP	45	96	94	46	50	46	47	3643
nongenic_peri	IMP	46	89	90	42	71	57	48	3829
nongenic_peri	IMP	47	143	102	76	88	78	46	5566
nongenic_peri	IMP	48	92	82	38	64	59	43	3791
nongenic_peri	IMP	49	107	91	57	73	59	53	4715
nongenic_peri	IMP	50	95	57	40	69	43	38	3732
nongenic_peri	IMP	51	107	74	53	65	64	32	4305
nongenic_peri	IMP	52	75	56	32	50	46	48	3044
nongenic_peri	IMP	53	115	92	52	73	58	44	4313
nongenic_peri	IMP	54	85	105	48	57	61	47	3938
nongenic_peri	IMP	55	99	90	64	68	67	58	4513
nongenic_peri	IMP	56	111	114	58	86	89	61	4935
nongenic_peri	IMP	57	111	113	65	65	78	37	4740
nongenic_peri	IMP	58	138	116	72	105	81	60	5487
nongenic_peri	IMP	59	101	76	32	59	48	47	3911
nongenic_peri	IMP	60	124	101	63	83	61	55	5323
nongenic_nonperi	IMP	1	50	33	33	43	32	32	3443
nongenic_nonperi	IMP	2	129	101	93	112	93	97	7133
nongenic_nonperi	IMP	3	153	130	100	113	92	89	7879
nongenic_nonperi	IMP	4	123	128	99	85	71	74	6871
nongenic_nonperi	IMP	5	142	125	113	99	82	86	7779
nongenic_nonperi	IMP	6	159	122	107	120	112	98	8474
nongenic_nonperi	IMP	7	178	131	111	136	109	135	8925
nongenic_nonperi	IMP	8	150	135	116	102	98	96	7963
nongenic_nonperi	IMP	9	138	110	96	110	88	80	7141
nongenic_nonperi	IMP	10	139	107	81	116	90	96	7297
nongenic_nonperi	IMP	11	143	118	103	104	79	91	7262
nongenic_nonperi	IMP	12	135	117	109	115	91	75	7170
nongenic_nonperi	IMP	13	148	123	101	132	92	113	8221
nongenic_nonperi	IMP	14	158	143	96	126	104	83	7669
nongenic_nonperi	IMP	15	138	105	86	80	75	73	6302
nongenic_nonperi	IMP	16	144	119	87	115	89	96	7368
nongenic_nonperi	IMP	17	144	133	98	119	87	98	8249
nongenic_nonperi	IMP	18	141	113	67	107	84	93	6932
nongenic_nonperi	IMP	19	150	115	105	100	79	112	7707
nongenic_nonperi	IMP	20	183	132	108	134	127	109	8508
nongenic_nonperi	IMP	21	157	130	87	98	104	96	7982
nongenic_nonperi	IMP	22	152	138	84	123	84	91	7565
nongenic_nonperi	IMP	23	147	92	91	117	97	86	7530
nongenic_nonperi	IMP	24	148	109	105	114	98	84	7346
nongenic_nonperi	IMP	25	165	127	121	112	87	103	7884
nongenic_nonperi	IMP	26	125	124	100	137	111	86	7575
nongenic_nonperi	IMP	27	168	123	109	131	102	125	8372
nongenic_nonperi	IMP	28	146	130	94	131	106	108	8168
nongenic_nonperi	IMP	29	166	137	99	140	90	100	8392
nongenic_nonperi	IMP	30	153	144	92	121	96	112	8151
nongenic_nonperi	IMP	31	161	154	97	140	94	100	8243
nongenic_nonperi	IMP	32	159	119	99	131	88	96	7616
nongenic_nonperi	IMP	33	148	121	85	122	104	102	7468
nongenic_nonperi	IMP	34	149	140	110	102	115	86	7596
nongenic_nonperi	IMP	35	153	129	107	101	92	94	7730
nongenic_nonperi	IMP	36	156	110	116	106	81	94	7987
nongenic_nonperi	IMP	37	148	126	75	105	106	103	7591
nongenic_nonperi	IMP	38	207	163	115	140	111	119	9692
nongenic_nonperi	IMP	39	133	113	64	89	71	77	5492
nongenic_nonperi	IMP	40	139	123	64	105	96	86	7098
nongenic_nonperi	IMP	41	133	111	93	100	73	80	6848
nongenic_nonperi	IMP	42	148	111	93	113	93	113	7633
nongenic_nonperi	IMP	43	139	132	100	114	108	109	7718
nongenic_nonperi	IMP	44	131	115	95	119	82	100	7615
nongenic_nonperi	IMP	45	129	96	88	91	81	92	6643
nongenic_nonperi	IMP	46	112	104	67	96	87	60	5959
nongenic_nonperi	IMP	47	186	146	136	137	112	116	10161
nongenic_nonperi	IMP	48	123	129	90	88	80	95	6618
nongenic_nonperi	IMP	49	208	125	101	125	95	100	8303
nongenic_nonperi	IMP	50	115	104	98	89	65	95	6887
nongenic_nonperi	IMP	51	140	129	112	87	75	90	7387
nongenic_nonperi	IMP	52	105	107	67	88	76	70	5837
nongenic_nonperi	IMP	53	143	124	77	100	90	65	7436
nongenic_nonperi	IMP	54	118	109	66	93	68	78	6507
nongenic_nonperi	IMP	55	145	118	94	117	103	86	7371
nongenic_nonperi	IMP	56	170	135	96	114	106	96	8204
nongenic_nonperi	IMP	57	143	123	100	100	88	92	7204
nongenic_nonperi	IMP	58	146	143	112	128	104	104	8249
nongenic_nonperi	IMP	59	121	103	85	114	96	105	7730
nongenic_nonperi	IMP	60	161	133	118	112	103	119	8978
