Category	Strain	AG_CNA	AG_CNG	CT_CNG	CT_TNG	Total
peri	maize1	74320	71050	94414	95517	2616064
peri	maize2	75268	71704	95751	97300	2665253
peri	maize3	75576	70823	94804	97814	2688190
peri	maize4	76006	71220	94909	97860	2695076
peri	maize5	74822	69860	93589	96516	2659965
peri	maize6	75401	70572	94320	97290	2682327
peri	maize7	74629	69919	93324	96398	2658877
peri	maize8	75278	70388	94280	97214	2676943
peri	maize9	72987	68291	90787	93894	2591614
peri	maize10	76742	72052	96321	98903	2718891
peri	maize11	76296	71716	95878	98530	2704671
peri	maize12	74316	69772	93587	95973	2643889
peri	maize13	74711	70099	93746	96522	2653705
peri	maize14	75132	70158	93789	96767	2668898
peri	maize15	76250	71366	95357	98384	2710382
peri	maize16	74491	69584	93261	96206	2651849
peri	maize17	75107	70163	93866	96803	2667856
peri	maize18	73153	68227	91334	94205	2602979
peri	maize19	74604	69633	92563	95786	2649814
peri	maize20	75648	70874	94644	97583	2688818
peri	maize21	75321	70610	94491	97204	2680643
peri	maize22	74277	69404	92492	95602	2638605
peri	maize23	74531	69463	92962	95824	2644197
peri	maize24	73821	69117	92363	95151	2622541
peri	maize25	74655	69856	93276	96397	2650043
peri	maize26	73961	70022	93335	95027	2602126
peri	maize27	75697	72285	96378	97368	2636887
peri	maize28	75046	70970	94793	96601	2642206
peri	maize29	75141	71132	94866	97008	2657854
peri	maize30	76626	72192	96158	98732	2712690
peri	maize31	76315	72290	96516	98522	2694772
peri	maize32	71121	67573	89998	91238	2499262
peri	maize33	73170	68861	91914	94410	2601463
peri	maize34	71462	67185	89612	91938	2527959
peri	maize35	70748	66994	89386	91265	2495209
peri	maize36	71296	66600	89077	91718	2526298
peri	maize37	70189	67208	89260	90084	2466304
peri	maize38	63714	61215	81648	81933	2238061
peri	maize39	67840	65048	86857	87433	2387215
peri	maize40	70115	65095	86845	90417	2488089
peri	maize41	68772	65980	87910	88526	2409822
peri	maize42	71919	67439	90008	92408	2537671
peri	maize43	75066	70381	93844	96638	2660699
peri	maize44	71598	67467	90147	92409	2533805
peri	maize45	71258	66473	88448	91576	2522017
peri	maize46	70441	66084	88103	90987	2494678
peri	maize47	72394	68290	91035	92879	2538327
peri	maize48	69909	65276	87275	90228	2488237
peri	maize49	73639	69190	92568	94997	2611432
peri	maize50	71842	67486	90108	92611	2542900
peri	maize51	72022	67887	90270	92403	2533987
peri	maize52	73908	69571	92817	95103	2620816
peri	maize53	72804	68414	91192	93670	2575811
peri	maize54	73493	68960	91916	94669	2600911
peri	maize55	71217	66725	88957	92022	2529817
peri	maize56	73402	69151	92311	94569	2597810
peri	maize57	69585	65504	87600	89751	2458353
peri	maize58	74902	70617	94036	96524	2652153
peri	maize59	72676	68549	91691	93879	2599302
peri	maize60	70081	66956	89259	90182	2467429
peri	maize61	76544	72048	96032	98702	2715606
peri	maize62	66578	64418	85935	85602	2298026
peri	maize63	73062	69685	92985	93831	2559209
peri	maize64	71917	68642	91606	92699	2522636
peri	maize65	72633	68724	91721	93306	2558544
peri	maize66	71895	68727	91486	92446	2518190
peri	maize67	75279	71156	95125	97024	2658936
peri	maize68	67382	64928	86594	86650	2333595
peri	maize69	66445	65002	86093	85285	2295495
peri	maize70	77499	73053	97552	99905	2754637
peri	maize71	72679	69191	92435	93449	2549406
peri	maize72	72207	67992	90808	92950	2557554
peri	maize73	72404	69398	92320	93294	2561734
peri	maize74	59947	56955	76410	77818	2124081
peri	maize75	66268	62330	83248	85430	2341436
peri	maize76	68482	64262	86075	88637	2448430
peri	maize77	66536	62613	83775	86647	2389155
peri	maize78	69089	64829	86196	89224	2457161
peri	maize79	67691	62984	84502	87517	2420964
peri	maize80	69637	65232	87185	90172	2486690
peri	maize81	68498	64320	85885	88358	2434356
peri	maize82	58310	54413	73749	75541	2071625
peri	maize83	54919	51169	68941	71182	1969685
peri	maize84	64722	60243	80942	84152	2338770
peri	maize85	62833	59024	78966	80956	2220399
peri	maize86	63950	59849	80520	82633	2259241
peri	maize87	69201	64890	87360	89702	2493231
peri	maize88	67930	63375	85194	87735	2418396
peri	maize89	66737	62324	83761	86547	2388127
peri	maize90	68194	64180	85372	88065	2426568
peri	maize91	73402	70025	93531	94828	2604558
peri	maize92	61216	58748	77919	78589	2160937
peri	maize93	68071	63706	85338	87845	2413514
peri	maize94	73011	69226	92140	93938	2568944
peri	maize95	72827	68254	91119	93697	2568657
peri	maize96	73700	68757	91965	95149	2614565
peri	maize97	71175	67522	90217	91744	2511638
peri	maize98	72271	68359	91215	93109	2543240
peri	maize99	76931	72496	96685	99090	2724047
peri	maize100	77372	72775	97074	99467	2747092
nonperi	maize1	113399	101370	120178	137405	4449277
nonperi	maize2	114547	101868	120586	138861	4507822
nonperi	maize3	115214	100602	119290	139485	4550743
nonperi	maize4	115687	101479	120266	140285	4573443
nonperi	maize5	111242	97316	115497	135307	4418646
nonperi	maize6	113909	99688	118145	138373	4514509
nonperi	maize7	112814	98383	117210	136968	4470588
nonperi	maize8	114606	100198	118893	139284	4538200
nonperi	maize9	111133	97114	115241	134869	4396004
nonperi	maize10	116192	102155	121073	140932	4589367
nonperi	maize11	115184	101354	120079	139627	4546533
nonperi	maize12	114660	100406	119193	139104	4535743
nonperi	maize13	114288	100326	118924	138669	4524970
nonperi	maize14	113337	99124	117716	137566	4494312
nonperi	maize15	114562	100077	118548	138877	4534666
nonperi	maize16	111883	98114	116197	136230	4443364
nonperi	maize17	114685	100215	118837	139035	4538783
nonperi	maize18	112060	97559	115693	135868	4436496
nonperi	maize19	113081	98526	117012	136982	4487362
nonperi	maize20	115437	100704	119552	139801	4563953
nonperi	maize21	114758	100709	119361	139210	4540190
nonperi	maize22	112146	97815	116011	136074	4439786
nonperi	maize23	114233	99763	118476	138356	4521093
nonperi	maize24	112875	98709	117166	136906	4466204
nonperi	maize25	111670	97465	115221	135376	4411154
nonperi	maize26	114442	101333	120046	138848	4490018
nonperi	maize27	113124	101480	120142	136811	4388917
nonperi	maize28	114907	101779	120493	139314	4507136
nonperi	maize29	115887	102509	121515	140250	4559792
nonperi	maize30	118085	103902	123316	143134	4662092
nonperi	maize31	117181	103788	123131	141848	4604667
nonperi	maize32	109172	97573	115545	132197	4291530
nonperi	maize33	111045	97628	115848	134676	4390920
nonperi	maize34	108087	95120	112690	130838	4254287
nonperi	maize35	106874	94599	112267	129656	4187211
nonperi	maize36	106833	93421	110793	129788	4226500
nonperi	maize37	106874	95742	113469	129294	4185858
nonperi	maize38	98549	89018	105305	119000	3852433
nonperi	maize39	103352	93219	110343	125039	4052806
nonperi	maize40	106008	91836	108731	128685	4201081
nonperi	maize41	105077	94533	111851	127111	4100211
nonperi	maize42	107882	94895	112395	130844	4242443
nonperi	maize43	114723	101029	119840	139100	4546470
nonperi	maize44	107556	95040	112520	130481	4233664
nonperi	maize45	106948	93390	110494	129915	4225315
nonperi	maize46	105726	92531	109860	128152	4166084
nonperi	maize47	108439	96469	114233	131647	4249363
nonperi	maize48	106670	93100	110441	129465	4224108
nonperi	maize49	110916	97177	115388	134166	4368079
nonperi	maize50	108196	94940	112727	131566	4266981
nonperi	maize51	109633	96619	114829	132891	4304790
nonperi	maize52	113369	99756	118434	137358	4478448
nonperi	maize53	110560	97096	115377	134140	4356173
nonperi	maize54	111693	98069	116318	135417	4408113
nonperi	maize55	108315	94474	111918	131082	4274514
nonperi	maize56	110408	97265	115414	133935	4349853
nonperi	maize57	103253	91206	108283	125681	4064792
nonperi	maize58	114812	101239	120261	139127	4536412
nonperi	maize59	112966	99385	118207	137121	4493230
nonperi	maize60	108017	96591	114394	130737	4238631
nonperi	maize61	117395	103517	122692	142367	4644470
nonperi	maize62	99408	90557	107431	120135	3828794
nonperi	maize63	111165	99428	117793	134641	4344855
nonperi	maize64	108934	97644	115618	131903	4261464
nonperi	maize65	111825	99490	117584	135018	4394834
nonperi	maize66	108983	97703	115959	131948	4260053
nonperi	maize67	115272	102504	121169	139895	4540005
nonperi	maize68	101645	92253	109394	122606	3918133
nonperi	maize69	100059	91796	108411	120630	3842398
nonperi	maize70	119582	105319	125045	145070	4733815
nonperi	maize71	108818	97608	115560	131492	4257385
nonperi	maize72	108815	96076	113734	132224	4297334
nonperi	maize73	111566	100202	118537	135004	4393251
nonperi	maize74	92782	81419	96484	112761	3625652
nonperi	maize75	101874	89534	105721	123390	3991937
nonperi	maize76	109173	95349	113090	132536	4330636
nonperi	maize77	106085	93029	110280	128570	4212743
nonperi	maize78	107380	93850	111082	130056	4249003
nonperi	maize79	107827	93996	111245	130631	4290747
nonperi	maize80	109815	96196	113820	132961	4355015
nonperi	maize81	107031	93967	111035	129457	4232746
nonperi	maize82	91499	79732	94666	110639	3608095
nonperi	maize83	87903	76349	90561	106466	3502149
nonperi	maize84	106040	92194	109144	128547	4228904
nonperi	maize85	99173	87260	102926	120197	3901334
nonperi	maize86	102114	89822	106378	123530	4015967
nonperi	maize87	108837	94794	112329	131947	4345631
nonperi	maize88	107412	93926	111232	130569	4250948
nonperi	maize89	105329	92014	109079	127469	4168787
nonperi	maize90	105396	92158	109122	127851	4182523
nonperi	maize91	111652	99750	118230	135204	4407004
nonperi	maize92	98533	88405	104538	119354	3874683
nonperi	maize93	101633	89197	105690	123514	4017995
nonperi	maize94	108822	96654	114564	132155	4259148
nonperi	maize95	109354	96141	113913	132340	4302026
nonperi	maize96	111380	97154	115411	135223	4396640
nonperi	maize97	108132	95906	113532	130870	4233747
nonperi	maize98	108310	95927	113621	131048	4237596
nonperi	maize99	117317	103234	122269	142181	4633262
nonperi	maize100	118786	104690	123992	143967	4704236
genic	maize1	33984	30166	32963	38609	1434420
genic	maize2	34802	30579	33578	39493	1470274
genic	maize3	34911	30093	32978	39601	1479709
genic	maize4	35000	30225	33209	39646	1481865
genic	maize5	33953	29172	32130	38550	1443104
genic	maize6	34751	29780	32808	39352	1471124
genic	maize7	34234	29280	32454	38893	1452253
genic	maize8	34833	29996	32953	39598	1477875
genic	maize9	34155	29415	32367	38786	1448214
genic	maize10	35240	30496	33544	39983	1492888
genic	maize11	34944	30244	33297	39662	1478998
genic	maize12	34470	29720	32682	39202	1464840
genic	maize13	34778	30049	33047	39446	1475021
genic	maize14	34311	29490	32356	38838	1457876
genic	maize15	34617	29753	32692	39270	1470310
genic	maize16	34200	29490	32297	38796	1451402
genic	maize17	34608	29723	32784	39221	1468697
genic	maize18	34071	29174	32103	38638	1444036
genic	maize19	34269	29405	32185	38906	1459036
genic	maize20	34821	29837	32793	39448	1474786
genic	maize21	34679	29849	32817	39269	1467966
genic	maize22	34043	29257	32224	38622	1445423
genic	maize23	34483	29587	32580	39154	1463314
genic	maize24	34311	29471	32446	38860	1454486
genic	maize25	34006	29108	31863	38644	1441946
genic	maize26	34618	30218	33290	39217	1458190
genic	maize27	33898	30003	32970	38313	1414545
genic	maize28	34884	30525	33618	39657	1471733
genic	maize29	35195	30683	33740	39936	1485630
genic	maize30	35563	30875	34004	40287	1502732
genic	maize31	35412	30941	34014	40065	1493833
genic	maize32	33222	29340	32215	37442	1399071
genic	maize33	33559	29002	31812	38128	1423584
genic	maize34	32412	28148	30974	36930	1375959
genic	maize35	32296	28170	30891	36741	1361150
genic	maize36	31946	27357	30093	36270	1359530
genic	maize37	32652	28996	31717	37081	1374711
genic	maize38	30428	27149	29614	34378	1275551
genic	maize39	31854	28192	31005	35978	1337401
genic	maize40	31956	27130	29753	36243	1356525
genic	maize41	32151	28617	31474	36430	1349699
genic	maize42	32214	27785	30699	36493	1360436
genic	maize43	34868	30336	33353	39494	1476230
genic	maize44	32171	27840	30624	36655	1363513
genic	maize45	32167	27552	30214	36594	1366610
genic	maize46	31818	27376	30137	36137	1349226
genic	maize47	32758	28679	31387	37127	1380177
genic	maize48	32179	27515	30345	36587	1366126
genic	maize49	33020	28503	31410	37397	1397596
genic	maize50	32185	27726	30586	36656	1367283
genic	maize51	32985	28618	31472	37220	1388145
genic	maize52	34468	29985	32974	39083	1456613
genic	maize53	33392	28863	31794	37775	1411970
genic	maize54	33675	29215	32048	38282	1428765
genic	maize55	32662	27917	30633	36901	1382133
genic	maize56	33338	28999	31909	37902	1413276
genic	maize57	30545	26545	29085	34869	1295344
genic	maize58	34784	30250	33286	39504	1472863
genic	maize59	34477	30052	32976	38967	1464109
genic	maize60	32860	29138	31940	37250	1385992
genic	maize61	35516	30904	34017	40248	1504703
genic	maize62	30578	27603	30393	34570	1268319
genic	maize63	33859	29839	32741	38174	1417467
genic	maize64	33167	29398	32280	37532	1392614
genic	maize65	33996	29892	32802	38511	1431500
genic	maize66	33296	29433	32349	37593	1395405
genic	maize67	34843	30637	33593	39631	1472747
genic	maize68	31069	27942	30686	35233	1294883
genic	maize69	30720	27832	30540	34724	1270796
genic	maize70	36119	31389	34604	40966	1530770
genic	maize71	33328	29458	32416	37805	1404461
genic	maize72	32935	28670	31440	37429	1396557
genic	maize73	34101	30199	33140	38562	1439318
genic	maize74	29866	26062	28549	33970	1248177
genic	maize75	31709	27586	30098	35851	1332377
genic	maize76	34121	29554	32353	38715	1442358
genic	maize77	33193	28904	31722	37637	1407939
genic	maize78	33541	29055	31865	38005	1418387
genic	maize79	34452	29740	32558	39016	1455228
genic	maize80	34229	29693	32752	38783	1451104
genic	maize81	33404	29114	31802	37789	1411844
genic	maize82	28713	24696	27307	32548	1208516
genic	maize83	28128	24214	26497	31800	1188995
genic	maize84	33454	28974	31636	38004	1416523
genic	maize85	31645	27525	30164	35830	1324519
genic	maize86	31916	27784	30597	36168	1339536
genic	maize87	34705	30023	32947	39332	1472025
genic	maize88	33614	28913	31871	38114	1417996
genic	maize89	33495	28943	31769	37888	1412846
genic	maize90	32861	28517	31174	37358	1395515
genic	maize91	33968	29916	32938	38418	1440803
genic	maize92	30524	27220	29804	34624	1280135
genic	maize93	30098	26050	28614	34179	1280329
genic	maize94	32551	28476	31307	37017	1371266
genic	maize95	33066	28550	31358	37258	1396429
genic	maize96	32964	28132	30977	37532	1403253
genic	maize97	32755	28600	31346	37076	1378272
genic	maize98	32778	28640	31401	37071	1380831
genic	maize99	35312	30583	33638	40019	1492529
genic	maize100	35821	31078	34196	40659	1519144
nongenic	maize1	153735	142254	181629	194313	5630921
nongenic	maize2	155013	142993	182759	196668	5702801
nongenic	maize3	155879	141332	181116	197698	5759224
nongenic	maize4	156693	142474	181966	198499	5786654
nongenic	maize5	152111	138004	176956	193273	5635507
nongenic	maize6	154559	140480	179657	196311	5725712
nongenic	maize7	153209	139022	178080	194473	5677212
nongenic	maize8	155051	140590	180220	196900	5737268
nongenic	maize9	149965	135990	173661	189977	5539404
nongenic	maize10	157694	143711	183850	199852	5815370
nongenic	maize11	156536	142826	182660	198495	5772206
nongenic	maize12	154506	140458	180098	195875	5714792
nongenic	maize13	154221	140376	179623	195745	5703654
nongenic	maize14	154158	139792	179149	195495	5705334
nongenic	maize15	156195	141690	181213	197991	5774738
nongenic	maize16	152174	138208	177161	193640	5643811
nongenic	maize17	155184	140655	179919	196617	5737942
nongenic	maize18	151142	136612	174924	191435	5595439
nongenic	maize19	153416	138754	177390	193862	5678140
nongenic	maize20	156264	141741	181403	197936	5777985
nongenic	maize21	155400	141470	181035	197145	5752867
nongenic	maize22	152380	137962	176279	193054	5632968
nongenic	maize23	154281	139639	178858	195026	5701976
nongenic	maize24	152385	138355	177083	193197	5634259
nongenic	maize25	152319	138213	176634	193129	5619251
nongenic	maize26	153785	141137	180091	194658	5633954
nongenic	maize27	154923	143762	183550	195866	5611259
nongenic	maize28	155069	142224	181668	196258	5677609
nongenic	maize29	155833	142958	182641	197322	5732016
nongenic	maize30	159148	145219	185470	201579	5872050
nongenic	maize31	158084	145137	185633	200305	5805606
nongenic	maize32	147071	135806	173328	185993	5391721
nongenic	maize33	150656	137487	175950	190958	5568799
nongenic	maize34	147137	134157	171328	185846	5406287
nongenic	maize35	145326	133423	170762	184180	5321270
nongenic	maize36	146183	132664	169777	185236	5393268
nongenic	maize37	144411	133954	171012	182297	5277451
nongenic	maize38	131835	123084	157339	166555	4814943
nongenic	maize39	139338	130075	166195	176494	5102620
nongenic	maize40	144167	129801	165823	182859	5332645
nongenic	maize41	141698	131896	168287	179207	5160334
nongenic	maize42	147587	134549	171704	186759	5419678
nongenic	maize43	154921	141074	180331	196244	5730939
nongenic	maize44	146983	134667	172043	186235	5403956
nongenic	maize45	146039	132311	168728	184897	5380722
nongenic	maize46	144349	131239	167826	183002	5311536
nongenic	maize47	148075	136080	173881	187399	5407513
nongenic	maize48	144400	130861	167371	183106	5346219
nongenic	maize49	151535	137864	176546	191766	5581915
nongenic	maize50	147853	134700	172249	187521	5442598
nongenic	maize51	148670	135888	173627	188074	5450632
nongenic	maize52	152809	139342	178277	193378	5642651
nongenic	maize53	149972	136647	174775	190035	5520014
nongenic	maize54	151511	137814	176186	191804	5580259
nongenic	maize55	146870	133282	170242	186203	5422198
nongenic	maize56	150472	137417	175816	190602	5534387
nongenic	maize57	142293	130165	166798	180563	5227801
nongenic	maize58	154930	141606	181011	196147	5715702
nongenic	maize59	151165	137882	176922	192033	5628423
nongenic	maize60	145238	134409	171713	183669	5320068
nongenic	maize61	158423	144661	184707	200821	5855373
nongenic	maize62	135408	127372	162973	171167	4858501
nongenic	maize63	150368	139274	178037	190298	5486597
nongenic	maize64	147684	136888	174944	187070	5391486
nongenic	maize65	150462	138322	176503	189813	5521878
nongenic	maize66	147582	136997	175096	186801	5382838
nongenic	maize67	155708	143023	182701	197288	5726194
nongenic	maize68	137958	129239	165302	174023	4956845
nongenic	maize69	135784	128966	163964	171191	4867097
nongenic	maize70	160962	146983	187993	204009	5957682
nongenic	maize71	148169	137341	175579	187136	5402330
nongenic	maize72	148087	135398	173102	187745	5458331
nongenic	maize73	149869	139401	177717	189736	5515667
nongenic	maize74	122863	112312	144345	156609	4501556
nongenic	maize75	136433	124278	158871	172969	5000996
nongenic	maize76	143534	130057	166812	182458	5336708
nongenic	maize77	139428	126738	162333	177580	5193959
nongenic	maize78	142928	129624	165413	181275	5287777
nongenic	maize79	141066	127240	163189	179132	5256483
nongenic	maize80	145223	131735	168253	184350	5390601
nongenic	maize81	142125	129173	165118	180026	5255258
nongenic	maize82	121096	109449	141108	153632	4471204
nongenic	maize83	114694	103304	133005	145848	4282839
nongenic	maize84	137308	123463	158450	174695	5151151
nongenic	maize85	130361	118759	151728	165323	4797214
nongenic	maize86	134148	121887	156301	169995	4935672
nongenic	maize87	143333	129661	166742	182317	5366837
nongenic	maize88	141728	128388	164555	180190	5251348
nongenic	maize89	138571	125395	161071	176128	5144068
nongenic	maize90	140729	127821	163320	178558	5213576
nongenic	maize91	151086	139859	178823	191614	5570759
nongenic	maize92	129225	119933	152653	163319	4755485
nongenic	maize93	139606	126853	162414	177180	5151180
nongenic	maize94	149282	137404	175397	189076	5456826
nongenic	maize95	149115	135845	173674	188779	5474254
nongenic	maize96	152116	137779	176399	192840	5607952
nongenic	maize97	146552	134828	172403	185538	5367113
nongenic	maize98	147803	135646	173435	187086	5400005
nongenic	maize99	158936	145147	185316	201252	5864780
nongenic	maize100	160337	146387	186870	202775	5932184
methyl	maize1	133857	130645	164857	168240	4170132
methyl	maize2	134857	131190	165767	170148	4215121
methyl	maize3	135101	129608	163915	170151	4215827
methyl	maize4	135760	130581	164638	170676	4235923
methyl	maize5	131809	126462	160167	166076	4121477
methyl	maize6	133786	128584	162649	168703	4187115
methyl	maize7	132556	127161	161214	167093	4145239
methyl	maize8	134217	128819	163067	169394	4195888
methyl	maize9	130185	124946	157570	163652	4061618
methyl	maize10	136972	131918	166755	172317	4273082
methyl	maize11	135932	131094	165592	171144	4238485
methyl	maize12	133781	128711	163034	168533	4182750
methyl	maize13	133890	128831	162862	168591	4181492
methyl	maize14	133627	128089	162155	168091	4175649
methyl	maize15	135170	129783	164012	170240	4223911
methyl	maize16	131781	126616	160301	166451	4128808
methyl	maize17	134257	128828	162791	168902	4195403
methyl	maize18	130966	125207	158419	164719	4091435
methyl	maize19	132770	127156	160343	166571	4147845
methyl	maize20	135372	129800	164216	170278	4228388
methyl	maize21	134682	129638	163904	169500	4208501
methyl	maize22	131857	126383	159628	165886	4115851
methyl	maize23	133546	127825	161816	167645	4168584
methyl	maize24	132106	126877	160407	166276	4124381
methyl	maize25	132447	126954	160235	166568	4129802
methyl	maize26	133882	129612	163614	168513	4166505
methyl	maize27	136025	132735	167543	171121	4213057
methyl	maize28	135022	130678	165017	169873	4197976
methyl	maize29	135456	131175	165614	170408	4223046
methyl	maize30	137646	132772	167606	173137	4288457
methyl	maize31	137403	133211	168366	173008	4280817
methyl	maize32	128264	124704	157400	161231	3997058
methyl	maize33	130849	126167	159592	164736	4090977
methyl	maize34	127968	123379	155573	160547	3985996
methyl	maize35	127388	123547	156039	160304	3965728
methyl	maize36	126418	121442	153541	159228	3947536
methyl	maize37	126197	123154	155476	158410	3931569
methyl	maize38	115470	113264	142975	144913	3590679
methyl	maize39	122101	119701	151193	153786	3809874
methyl	maize40	124689	118812	149908	157109	3893917
methyl	maize41	124285	121557	153428	156585	3869383
methyl	maize42	128515	123664	155934	161369	3995579
methyl	maize43	134016	128984	162886	168652	4187927
methyl	maize44	128341	124052	156628	161327	4001304
methyl	maize45	126625	121374	152947	159124	3947959
methyl	maize46	125553	120607	152381	157766	3908386
methyl	maize47	129785	125813	158820	163107	4031863
methyl	maize48	124973	119863	151423	157314	3905063
methyl	maize49	131823	126777	160367	165524	4111566
methyl	maize50	128739	123991	156538	162025	4014740
methyl	maize51	129205	124460	157245	162226	4014224
methyl	maize52	132163	127358	161111	166285	4127379
methyl	maize53	130536	125738	158922	164256	4071502
methyl	maize54	131518	126519	159754	165450	4099192
methyl	maize55	127328	122245	154249	160236	3975394
methyl	maize56	131024	126464	159827	165047	4087381
methyl	maize57	124003	119813	151666	156207	3864295
methyl	maize58	134181	129426	163637	168852	4188549
methyl	maize59	130535	125959	159591	164692	4105452
methyl	maize60	126659	123619	156039	159291	3944771
methyl	maize61	137022	132188	166835	172543	4278230
methyl	maize62	120273	118146	149614	151248	3716649
methyl	maize63	131623	128201	162117	165548	4092461
methyl	maize64	129149	125959	159195	162581	4015612
methyl	maize65	130678	126774	159863	164066	4068452
methyl	maize66	129406	126259	159477	162872	4023670
methyl	maize67	135427	131202	165628	170586	4223397
methyl	maize68	121998	119777	151527	153292	3771775
methyl	maize69	120476	119569	150724	151273	3722030
methyl	maize70	139209	134348	169965	175225	4352996
methyl	maize71	129957	126503	159881	162965	4041829
methyl	maize72	128808	124645	157201	162211	4022880
methyl	maize73	130539	128112	161460	164489	4092477
methyl	maize74	108396	104440	132275	137227	3386389
methyl	maize75	119397	114679	144703	150365	3722843
methyl	maize76	124345	119125	150798	156738	3889680
methyl	maize77	120771	116092	147128	152780	3793725
methyl	maize78	123934	118928	149798	156075	3870793
methyl	maize79	122236	116571	147746	154137	3829133
methyl	maize80	125788	120693	152224	158552	3935065
methyl	maize81	123202	118449	149520	155207	3847946
methyl	maize82	105244	100607	128116	132883	3282197
methyl	maize83	98831	94709	120201	125234	3106353
methyl	maize84	117837	112490	142539	149216	3714562
methyl	maize85	113816	109362	138088	143494	3543246
methyl	maize86	116916	112262	142193	147386	3644175
methyl	maize87	123900	118819	150797	156570	3906988
methyl	maize88	123196	117918	149308	155587	3857747
methyl	maize89	120432	115276	146178	151960	3768554
methyl	maize90	122210	117473	148052	154021	3826758
methyl	maize91	131407	128297	162160	165790	4125047
methyl	maize92	112451	109990	138314	141347	3514749
methyl	maize93	121061	116636	147208	152329	3781583
methyl	maize94	130838	126989	160160	164560	4068453
methyl	maize95	129896	125028	157959	163328	4042385
methyl	maize96	132206	126790	160215	166438	4130223
methyl	maize97	128262	124438	157173	161203	3989888
methyl	maize98	129454	125361	158278	162795	4022510
methyl	maize99	137693	132983	167697	173236	4296183
methyl	maize100	138629	133750	168852	174203	4335521
unmethyl	maize1	53862	41775	49735	64682	2895209
unmethyl	maize2	54958	42382	50570	66013	2957954
unmethyl	maize3	55689	41817	50179	67148	3023106
unmethyl	maize4	55933	42118	50537	67469	3032596
unmethyl	maize5	54255	40714	48919	65747	2957134
unmethyl	maize6	55524	41676	49816	66960	3009721
unmethyl	maize7	54887	41141	49320	66273	2984226
unmethyl	maize8	55667	41767	50106	67104	3019255
unmethyl	maize9	53935	40459	48458	65111	2926000
unmethyl	maize10	55962	42289	50639	67518	3035176
unmethyl	maize11	55548	41976	50365	67013	3012719
unmethyl	maize12	55195	41467	49746	66544	2996882
unmethyl	maize13	55109	41594	49808	66600	2997183
unmethyl	maize14	54842	41193	49350	66242	2987561
unmethyl	maize15	55642	41660	49893	67021	3021137
unmethyl	maize16	54593	41082	49157	65985	2966405
unmethyl	maize17	55535	41550	49912	66936	3011236
unmethyl	maize18	54247	40579	48608	65354	2948040
unmethyl	maize19	54915	41003	49232	66197	2989331
unmethyl	maize20	55713	41778	49980	67106	3024383
unmethyl	maize21	55397	41681	49948	66914	3012332
unmethyl	maize22	54566	40836	48875	65790	2962540
unmethyl	maize23	55218	41401	49622	66535	2996706
unmethyl	maize24	54590	40949	49122	65781	2964364
unmethyl	maize25	53878	40367	48262	65205	2931395
unmethyl	maize26	54521	41743	49767	65362	2925639
unmethyl	maize27	52796	41030	48977	63058	2812747
unmethyl	maize28	54931	42071	50269	66042	2951366
unmethyl	maize29	55572	42466	50767	66850	2994600
unmethyl	maize30	57065	43322	51868	68729	3086325
unmethyl	maize31	56093	42867	51281	67362	3018622
unmethyl	maize32	52029	40442	48143	62204	2793734
unmethyl	maize33	53366	40322	48170	64350	2901406
unmethyl	maize34	51581	38926	46729	62229	2796250
unmethyl	maize35	50234	38046	45614	60617	2716692
unmethyl	maize36	51711	38579	46329	62278	2805262
unmethyl	maize37	50866	39796	47253	60968	2720593
unmethyl	maize38	46793	36969	43978	56020	2499815
unmethyl	maize39	49091	38566	46007	58686	2630147
unmethyl	maize40	51434	38119	45668	61993	2795253
unmethyl	maize41	49564	38956	46333	59052	2640650
unmethyl	maize42	51286	38670	46469	61883	2784535
unmethyl	maize43	55773	42426	50798	67086	3019242
unmethyl	maize44	50813	38455	46039	61563	2766165
unmethyl	maize45	51581	38489	45995	62367	2799373
unmethyl	maize46	50614	38008	45582	61373	2752376
unmethyl	maize47	51048	38946	46448	61419	2755827
unmethyl	maize48	51606	38513	46293	62379	2807282
unmethyl	maize49	52732	39590	47589	63639	2867945
unmethyl	maize50	51299	38435	46297	62152	2795141
unmethyl	maize51	52450	40046	47854	63068	2824553
unmethyl	maize52	55114	41969	50140	66176	2971885
unmethyl	maize53	52828	39772	47647	63554	2860482
unmethyl	maize54	53668	40510	48480	64636	2909832
unmethyl	maize55	52204	38954	46626	62868	2828937
unmethyl	maize56	52786	39952	47898	63457	2860282
unmethyl	maize57	48835	36897	44217	59225	2658850
unmethyl	maize58	55533	42430	50660	66799	3000016
unmethyl	maize59	55107	41975	50307	66308	2987080
unmethyl	maize60	51439	39928	47614	61628	2761289
unmethyl	maize61	56917	43377	51889	68526	3081846
unmethyl	maize62	45713	36829	43752	54489	2410171
unmethyl	maize63	52604	40912	48661	62924	2811603
unmethyl	maize64	51702	40327	48029	62021	2768488
unmethyl	maize65	53780	41440	49442	64258	2884926
unmethyl	maize66	51472	40171	47968	61522	2754573
unmethyl	maize67	55124	42458	50666	66333	2975544
unmethyl	maize68	47029	37404	44461	55964	2479953
unmethyl	maize69	46028	37229	43780	54642	2415863
unmethyl	maize70	57872	44024	52632	69750	3135456
unmethyl	maize71	51540	40296	48114	61976	2764962
unmethyl	maize72	52214	39423	47341	62963	2832008
unmethyl	maize73	53431	41488	49397	63809	2862508
unmethyl	maize74	44333	33934	40619	53352	2363344
unmethyl	maize75	48745	37185	44266	58455	2610530
unmethyl	maize76	53310	40486	48367	64435	2889386
unmethyl	maize77	51850	39550	46927	62437	2808173
unmethyl	maize78	52535	39751	47480	63205	2835371
unmethyl	maize79	53282	40409	48001	64011	2882578
unmethyl	maize80	53664	40735	48781	64581	2906640
unmethyl	maize81	52327	39838	47400	62608	2819156
unmethyl	maize82	44565	33538	40299	53297	2397523
unmethyl	maize83	43991	32809	39301	52414	2365481
unmethyl	maize84	52925	39947	47547	63483	2853112
unmethyl	maize85	48190	36922	43804	57659	2578487
unmethyl	maize86	49148	37409	44705	58777	2631033
unmethyl	maize87	54138	40865	48892	65079	2931874
unmethyl	maize88	52146	39383	47118	62717	2811597
unmethyl	maize89	51634	39062	46662	62056	2788360
unmethyl	maize90	51380	38865	46442	61895	2782333
unmethyl	maize91	53647	41478	49601	64242	2886515
unmethyl	maize92	47298	37163	44143	56596	2520871
unmethyl	maize93	48643	36267	43820	59030	2649926
unmethyl	maize94	50995	38891	46544	61533	2759639
unmethyl	maize95	52285	39367	47073	62709	2828298
unmethyl	maize96	52874	39121	47161	63934	2880982
unmethyl	maize97	51045	38990	46576	61411	2755497
unmethyl	maize98	51127	38925	46558	61362	2758326
unmethyl	maize99	56555	42747	51257	68035	3061126
unmethyl	maize100	57529	43715	52214	69231	3115807
methyl_peri	maize1	60792	60718	80962	78128	1856917
methyl_peri	maize2	61381	61183	81899	79459	1884041
methyl_peri	maize3	61370	60279	80870	79391	1879310
methyl_peri	maize4	61689	60655	81001	79419	1886484
methyl_peri	maize5	60705	59438	79811	78284	1858097
methyl_peri	maize6	61153	60045	80481	78891	1874400
methyl_peri	maize7	60561	59476	79641	78156	1856763
methyl_peri	maize8	61045	59887	80453	78856	1870643
methyl_peri	maize9	59219	58149	77403	76093	1810017
methyl_peri	maize10	62429	61479	82335	80405	1909391
methyl_peri	maize11	62054	61170	81892	80122	1898029
methyl_peri	maize12	60355	59440	79904	77916	1850183
methyl_peri	maize13	60741	59750	80054	78417	1858526
methyl_peri	maize14	61031	59781	80025	78522	1867239
methyl_peri	maize15	61947	60825	81409	79901	1896569
methyl_peri	maize16	60385	59178	79512	78019	1852294
methyl_peri	maize17	60943	59719	80087	78510	1865258
methyl_peri	maize18	59326	58060	77834	76325	1817159
methyl_peri	maize19	60500	59279	78941	77629	1849262
methyl_peri	maize20	61477	60369	80898	79233	1882570
methyl_peri	maize21	61136	60129	80658	78838	1874490
methyl_peri	maize22	60210	59009	78897	77407	1840109
methyl_peri	maize23	60507	59099	79313	77693	1847903
methyl_peri	maize24	59896	58810	78784	77212	1832826
methyl_peri	maize25	60752	59569	79787	78285	1857938
methyl_peri	maize26	60308	59802	79932	77588	1840682
methyl_peri	maize27	62383	62102	83042	80302	1896932
methyl_peri	maize28	61247	60536	81156	78839	1866575
methyl_peri	maize29	61159	60640	81112	78979	1871649
methyl_peri	maize30	62200	61418	82045	80111	1898596
methyl_peri	maize31	62163	61683	82587	80314	1900749
methyl_peri	maize32	58098	57718	76996	74633	1771929
methyl_peri	maize33	59495	58693	78587	76809	1825868
methyl_peri	maize34	58209	57441	76639	74819	1779337
methyl_peri	maize35	57951	57372	76796	74721	1770937
methyl_peri	maize36	57971	56807	76074	74492	1769367
methyl_peri	maize37	57448	57420	76510	73701	1755128
methyl_peri	maize38	52189	52272	69936	66993	1592111
methyl_peri	maize39	55476	55638	74405	71730	1700304
methyl_peri	maize40	56866	55358	73980	73271	1735174
methyl_peri	maize41	56421	56444	75494	72743	1724012
methyl_peri	maize42	58687	57662	77064	75347	1788132
methyl_peri	maize43	60932	59821	79973	78405	1860997
methyl_peri	maize44	58484	57729	77280	75402	1790440
methyl_peri	maize45	57963	56706	75578	74429	1767762
methyl_peri	maize46	57366	56415	75379	73936	1752265
methyl_peri	maize47	59286	58571	78227	76075	1803549
methyl_peri	maize48	56703	55580	74351	73119	1735880
methyl_peri	maize49	60065	59100	79280	77351	1838611
methyl_peri	maize50	58674	57702	77160	75540	1791597
methyl_peri	maize51	58744	57826	77198	75342	1785936
methyl_peri	maize52	59957	59144	79171	77144	1834366
methyl_peri	maize53	59285	58405	78066	76278	1812131
methyl_peri	maize54	59762	58794	78541	77007	1824878
methyl_peri	maize55	57878	56890	76011	74652	1770994
methyl_peri	maize56	59907	59066	79011	77125	1830823
methyl_peri	maize57	56903	56086	75242	73270	1737862
methyl_peri	maize58	60871	60089	80262	78433	1860836
methyl_peri	maize59	58807	58175	77992	76032	1813862
methyl_peri	maize60	57214	57161	76464	73818	1749403
methyl_peri	maize61	62144	61300	81850	80134	1900746
methyl_peri	maize62	55239	55418	74296	71141	1676912
methyl_peri	maize63	59878	59607	79866	77042	1825579
methyl_peri	maize64	58920	58728	78577	76071	1798379
methyl_peri	maize65	59104	58541	78377	76075	1804584
methyl_peri	maize66	59010	58827	78541	75940	1799289
methyl_peri	maize67	61406	60710	81361	79131	1877047
methyl_peri	maize68	55729	55878	74753	71874	1694780
methyl_peri	maize69	55054	55938	74514	70862	1676620
methyl_peri	maize70	62864	62152	83226	81036	1927482
methyl_peri	maize71	59703	59254	79307	76575	1820519
methyl_peri	maize72	58817	58080	77692	75684	1799977
methyl_peri	maize73	59032	59220	78970	76179	1814853
methyl_peri	maize74	48996	48598	65427	63639	1508240
methyl_peri	maize75	54063	53163	71169	69707	1655859
methyl_peri	maize76	55323	54374	73056	71463	1698706
methyl_peri	maize77	53767	53015	71206	70033	1659425
methyl_peri	maize78	55873	55029	73306	72225	1712346
methyl_peri	maize79	54556	53224	71697	70623	1673789
methyl_peri	maize80	56261	55275	74002	72871	1726506
methyl_peri	maize81	55388	54487	73055	71518	1695759
methyl_peri	maize82	47187	46169	62753	61331	1445320
methyl_peri	maize83	44013	43288	58438	57262	1355611
methyl_peri	maize84	51632	50599	68254	67363	1600489
methyl_peri	maize85	50990	50105	67313	65716	1555039
methyl_peri	maize86	51838	50803	68599	67111	1583328
methyl_peri	maize87	55787	54915	74180	72292	1727563
methyl_peri	maize88	55006	53786	72541	71096	1689192
methyl_peri	maize89	53941	52803	71191	69939	1657331
methyl_peri	maize90	55280	54514	72750	71304	1694130
methyl_peri	maize91	59852	59727	80026	77349	1842592
methyl_peri	maize92	49747	49886	66350	63764	1522351
methyl_peri	maize93	55407	54445	72998	71375	1694792
methyl_peri	maize94	59947	59377	79255	77040	1827130
methyl_peri	maize95	59349	58285	78032	76377	1809904
methyl_peri	maize96	60064	58788	78746	77490	1839506
methyl_peri	maize97	58211	57751	77355	75053	1778658
methyl_peri	maize98	59202	58552	78292	76257	1804428
methyl_peri	maize99	62591	61844	82600	80619	1912372
methyl_peri	maize100	62818	61894	82802	80680	1923142
methyl_nonperi	maize1	73065	69927	83895	90112	2313215
methyl_nonperi	maize2	73476	70007	83868	90689	2331080
methyl_nonperi	maize3	73731	69329	83045	90760	2336517
methyl_nonperi	maize4	74071	69926	83637	91257	2349439
methyl_nonperi	maize5	71104	67024	80356	87792	2263380
methyl_nonperi	maize6	72633	68539	82168	89812	2312715
methyl_nonperi	maize7	71995	67685	81573	88937	2288476
methyl_nonperi	maize8	73172	68932	82614	90538	2325245
methyl_nonperi	maize9	70966	66797	80167	87559	2251601
methyl_nonperi	maize10	74543	70439	84420	91912	2363691
methyl_nonperi	maize11	73878	69924	83700	91022	2340456
methyl_nonperi	maize12	73426	69271	83130	90617	2332567
methyl_nonperi	maize13	73149	69081	82808	90174	2322966
methyl_nonperi	maize14	72596	68308	82130	89569	2308410
methyl_nonperi	maize15	73223	68958	82603	90339	2327342
methyl_nonperi	maize16	71396	67438	80789	88432	2276514
methyl_nonperi	maize17	73314	69109	82704	90392	2330145
methyl_nonperi	maize18	71640	67147	80585	88394	2274276
methyl_nonperi	maize19	72270	67877	81402	88942	2298583
methyl_nonperi	maize20	73895	69431	83318	91045	2345818
methyl_nonperi	maize21	73546	69509	83246	90662	2334011
methyl_nonperi	maize22	71647	67374	80731	88479	2275742
methyl_nonperi	maize23	73039	68726	82503	89952	2320681
methyl_nonperi	maize24	72210	68067	81623	89064	2291555
methyl_nonperi	maize25	71695	67385	80448	88283	2271864
methyl_nonperi	maize26	73574	69810	83682	90925	2325823
methyl_nonperi	maize27	73642	70633	84501	90819	2316125
methyl_nonperi	maize28	73775	70142	83861	91034	2331401
methyl_nonperi	maize29	74297	70535	84502	91429	2351397
methyl_nonperi	maize30	75446	71354	85561	93026	2389861
methyl_nonperi	maize31	75240	71528	85779	92694	2380068
methyl_nonperi	maize32	70166	66986	80404	86598	2225129
methyl_nonperi	maize33	71354	67474	81005	87927	2265109
methyl_nonperi	maize34	69759	65938	78934	85728	2206659
methyl_nonperi	maize35	69437	66175	79243	85583	2194791
methyl_nonperi	maize36	68447	64635	77467	84736	2178169
methyl_nonperi	maize37	68749	65734	78966	84709	2176441
methyl_nonperi	maize38	63281	60992	73039	77920	1998568
methyl_nonperi	maize39	66625	64063	76788	82056	2109570
methyl_nonperi	maize40	67823	63454	75928	83838	2158743
methyl_nonperi	maize41	67864	65113	77934	83842	2145371
methyl_nonperi	maize42	69828	66002	78870	86022	2207447
methyl_nonperi	maize43	73084	69163	82913	90247	2326930
methyl_nonperi	maize44	69857	66323	79348	85925	2210864
methyl_nonperi	maize45	68662	64668	77369	84695	2180197
methyl_nonperi	maize46	68187	64192	77002	83830	2156121
methyl_nonperi	maize47	70499	67242	80593	87032	2228314
methyl_nonperi	maize48	68270	64283	77072	84195	2169183
methyl_nonperi	maize49	71758	67677	81087	88173	2272955
methyl_nonperi	maize50	70065	66289	79378	86485	2223143
methyl_nonperi	maize51	70461	66634	80047	86884	2228288
methyl_nonperi	maize52	72206	68214	81940	89141	2293013
methyl_nonperi	maize53	71251	67333	80856	87978	2259371
methyl_nonperi	maize54	71756	67725	81213	88443	2274314
methyl_nonperi	maize55	69450	65355	78238	85584	2204400
methyl_nonperi	maize56	71117	67398	80816	87922	2256558
methyl_nonperi	maize57	67100	63727	76424	82937	2126433
methyl_nonperi	maize58	73310	69337	83375	90419	2327713
methyl_nonperi	maize59	71728	67784	81599	88660	2291590
methyl_nonperi	maize60	69445	66458	79575	85473	2195368
methyl_nonperi	maize61	74878	70888	84985	92409	2377484
methyl_nonperi	maize62	65034	62728	75318	80107	2039737
methyl_nonperi	maize63	71745	68594	82251	88506	2266882
methyl_nonperi	maize64	70229	67231	80618	86510	2217233
methyl_nonperi	maize65	71574	68233	81486	87991	2263868
methyl_nonperi	maize66	70396	67432	80936	86932	2224381
methyl_nonperi	maize67	74021	70492	84267	91455	2346350
methyl_nonperi	maize68	66269	63899	76774	81418	2076995
methyl_nonperi	maize69	65422	63631	76210	80411	2045410
methyl_nonperi	maize70	76345	72196	86739	94189	2425514
methyl_nonperi	maize71	70254	67249	80574	86390	2221310
methyl_nonperi	maize72	69991	66565	79509	86527	2222903
methyl_nonperi	maize73	71507	68892	82490	88310	2277624
methyl_nonperi	maize74	59400	55842	66848	73588	1878149
methyl_nonperi	maize75	65334	61516	73534	80658	2066984
methyl_nonperi	maize76	69022	64751	77742	85275	2190974
methyl_nonperi	maize77	67004	63077	75922	82747	2134300
methyl_nonperi	maize78	68061	63899	76492	83850	2158447
methyl_nonperi	maize79	67680	63347	76049	83514	2155344
methyl_nonperi	maize80	69527	65418	78222	85681	2208559
methyl_nonperi	maize81	67814	63962	76465	83689	2152187
methyl_nonperi	maize82	58057	54438	65363	71552	1836877
methyl_nonperi	maize83	54818	51421	61763	67972	1750742
methyl_nonperi	maize84	66205	61891	74285	81853	2114073
methyl_nonperi	maize85	62826	59257	70775	77778	1988207
methyl_nonperi	maize86	65078	61459	73594	80275	2060847
methyl_nonperi	maize87	68113	63904	76617	84278	2179425
methyl_nonperi	maize88	68190	64132	76767	84491	2168555
methyl_nonperi	maize89	66491	62473	74987	82021	2111223
methyl_nonperi	maize90	66930	62959	75302	82717	2132628
methyl_nonperi	maize91	71555	68570	82134	88441	2282455
methyl_nonperi	maize92	62704	60104	71964	77583	1992398
methyl_nonperi	maize93	65654	62191	74210	80954	2086791
methyl_nonperi	maize94	70891	67612	80905	87520	2241323
methyl_nonperi	maize95	70547	66743	79927	86951	2232481
methyl_nonperi	maize96	72142	68002	81469	88948	2290717
methyl_nonperi	maize97	70051	66687	79818	86150	2211230
methyl_nonperi	maize98	70252	66809	79986	86538	2218082
methyl_nonperi	maize99	75102	71139	85097	92617	2383811
methyl_nonperi	maize100	75811	71856	86050	93523	2412379
unmethyl_peri	maize1	13528	10332	13452	17389	759147
unmethyl_peri	maize2	13887	10521	13852	17841	781212
unmethyl_peri	maize3	14206	10544	13934	18423	808880
unmethyl_peri	maize4	14317	10565	13908	18441	808592
unmethyl_peri	maize5	14117	10422	13778	18232	801868
unmethyl_peri	maize6	14248	10527	13839	18399	807927
unmethyl_peri	maize7	14068	10443	13683	18242	802114
unmethyl_peri	maize8	14233	10501	13827	18358	806300
unmethyl_peri	maize9	13768	10142	13384	17801	781597
unmethyl_peri	maize10	14313	10573	13986	18498	809500
unmethyl_peri	maize11	14242	10546	13986	18408	806642
unmethyl_peri	maize12	13961	10332	13683	18057	793706
unmethyl_peri	maize13	13970	10349	13692	18105	795179
unmethyl_peri	maize14	14101	10377	13764	18245	801659
unmethyl_peri	maize15	14303	10541	13948	18483	813813
unmethyl_peri	maize16	14106	10406	13749	18187	799555
unmethyl_peri	maize17	14164	10444	13779	18293	802598
unmethyl_peri	maize18	13827	10167	13500	17880	785820
unmethyl_peri	maize19	14104	10354	13622	18157	800552
unmethyl_peri	maize20	14171	10505	13746	18350	806248
unmethyl_peri	maize21	14185	10481	13833	18366	806153
unmethyl_peri	maize22	14067	10395	13595	18195	798496
unmethyl_peri	maize23	14024	10364	13649	18131	796294
unmethyl_peri	maize24	13925	10307	13579	17939	789715
unmethyl_peri	maize25	13903	10287	13489	18112	792105
unmethyl_peri	maize26	13653	10220	13403	17439	761444
unmethyl_peri	maize27	13314	10183	13336	17066	739955
unmethyl_peri	maize28	13799	10434	13637	17762	775631
unmethyl_peri	maize29	13982	10492	13754	18029	786205
unmethyl_peri	maize30	14426	10774	14113	18621	814094
unmethyl_peri	maize31	14152	10607	13929	18208	794023
unmethyl_peri	maize32	13023	9855	13002	16605	727333
unmethyl_peri	maize33	13675	10168	13327	17601	775595
unmethyl_peri	maize34	13253	9744	12973	17119	748622
unmethyl_peri	maize35	12797	9622	12590	16544	724272
unmethyl_peri	maize36	13325	9793	13003	17226	756931
unmethyl_peri	maize37	12741	9788	12750	16383	711176
unmethyl_peri	maize38	11525	8943	11712	14940	645950
unmethyl_peri	maize39	12364	9410	12452	15703	686911
unmethyl_peri	maize40	13249	9737	12865	17146	752915
unmethyl_peri	maize41	12351	9536	12416	15783	685810
unmethyl_peri	maize42	13232	9777	12944	17061	749539
unmethyl_peri	maize43	14134	10560	13871	18233	799702
unmethyl_peri	maize44	13114	9738	12867	17007	743365
unmethyl_peri	maize45	13295	9767	12870	17147	754255
unmethyl_peri	maize46	13075	9669	12724	17051	742413
unmethyl_peri	maize47	13108	9719	12808	16804	734778
unmethyl_peri	maize48	13206	9696	12924	17109	752357
unmethyl_peri	maize49	13574	10090	13288	17646	772821
unmethyl_peri	maize50	13168	9784	12948	17071	751303
unmethyl_peri	maize51	13278	10061	13072	17061	748051
unmethyl_peri	maize52	13951	10427	13646	17959	786450
unmethyl_peri	maize53	13519	10009	13126	17392	763680
unmethyl_peri	maize54	13731	10166	13375	17662	776033
unmethyl_peri	maize55	13339	9835	12946	17370	758823
unmethyl_peri	maize56	13495	10085	13300	17444	766987
unmethyl_peri	maize57	12682	9418	12358	16481	720491
unmethyl_peri	maize58	14031	10528	13774	18091	791317
unmethyl_peri	maize59	13869	10374	13699	17847	785440
unmethyl_peri	maize60	12867	9795	12795	16364	718026
unmethyl_peri	maize61	14400	10748	14182	18568	814860
unmethyl_peri	maize62	11339	9000	11639	14461	621114
unmethyl_peri	maize63	13184	10078	13119	16789	733630
unmethyl_peri	maize64	12997	9914	13029	16628	724257
unmethyl_peri	maize65	13529	10183	13344	17231	753960
unmethyl_peri	maize66	12885	9900	12945	16506	718901
unmethyl_peri	maize67	13873	10446	13764	17893	781889
unmethyl_peri	maize68	11653	9050	11841	14776	638815
unmethyl_peri	maize69	11391	9064	11579	14423	618875
unmethyl_peri	maize70	14635	10901	14326	18869	827155
unmethyl_peri	maize71	12976	9937	13128	16874	728887
unmethyl_peri	maize72	13390	9912	13116	17266	757577
unmethyl_peri	maize73	13372	10178	13350	17115	746881
unmethyl_peri	maize74	10951	8357	10983	14179	615841
unmethyl_peri	maize75	12205	9167	12079	15723	685577
unmethyl_peri	maize76	13159	9888	13019	17174	749724
unmethyl_peri	maize77	12769	9598	12569	16614	729730
unmethyl_peri	maize78	13216	9800	12890	16999	744815
unmethyl_peri	maize79	13135	9760	12805	16894	747175
unmethyl_peri	maize80	13376	9957	13183	17301	760184
unmethyl_peri	maize81	13110	9833	12830	16840	738597
unmethyl_peri	maize82	11123	8244	10996	14210	626305
unmethyl_peri	maize83	10906	7881	10503	13920	614074
unmethyl_peri	maize84	13090	9644	12688	16789	738281
unmethyl_peri	maize85	11843	8919	11653	15240	665360
unmethyl_peri	maize86	12112	9046	11921	15522	675913
unmethyl_peri	maize87	13414	9975	13180	17410	765668
unmethyl_peri	maize88	12924	9589	12653	16639	729204
unmethyl_peri	maize89	12796	9521	12570	16608	730796
unmethyl_peri	maize90	12914	9666	12622	16761	732438
unmethyl_peri	maize91	13550	10298	13505	17479	761966
unmethyl_peri	maize92	11469	8862	11569	14825	638586
unmethyl_peri	maize93	12664	9261	12340	16470	718722
unmethyl_peri	maize94	13064	9849	12885	16898	741814
unmethyl_peri	maize95	13478	9969	13087	17320	758753
unmethyl_peri	maize96	13636	9969	13219	17659	775059
unmethyl_peri	maize97	12964	9771	12862	16691	732980
unmethyl_peri	maize98	13069	9807	12923	16852	738812
unmethyl_peri	maize99	14340	10652	14085	18471	811675
unmethyl_peri	maize100	14554	10881	14272	18787	823950
unmethyl_nonperi	maize1	40334	31443	36283	47293	2136062
unmethyl_nonperi	maize2	41071	31861	36718	48172	2176742
unmethyl_nonperi	maize3	41483	31273	36245	48725	2214226
unmethyl_nonperi	maize4	41616	31553	36629	49028	2224004
unmethyl_nonperi	maize5	40138	30292	35141	47515	2155266
unmethyl_nonperi	maize6	41276	31149	35977	48561	2201794
unmethyl_nonperi	maize7	40819	30698	35637	48031	2182112
unmethyl_nonperi	maize8	41434	31266	36279	48746	2212955
unmethyl_nonperi	maize9	40167	30317	35074	47310	2144403
unmethyl_nonperi	maize10	41649	31716	36653	49020	2225676
unmethyl_nonperi	maize11	41306	31430	36379	48605	2206077
unmethyl_nonperi	maize12	41234	31135	36063	48487	2203176
unmethyl_nonperi	maize13	41139	31245	36116	48495	2202004
unmethyl_nonperi	maize14	40741	30816	35586	47997	2185902
unmethyl_nonperi	maize15	41339	31119	35945	48538	2207324
unmethyl_nonperi	maize16	40487	30676	35408	47798	2166850
unmethyl_nonperi	maize17	41371	31106	36133	48643	2208638
unmethyl_nonperi	maize18	40420	30412	35108	47474	2162220
unmethyl_nonperi	maize19	40811	30649	35610	48040	2188779
unmethyl_nonperi	maize20	41542	31273	36234	48756	2218135
unmethyl_nonperi	maize21	41212	31200	36115	48548	2206179
unmethyl_nonperi	maize22	40499	30441	35280	47595	2164044
unmethyl_nonperi	maize23	41194	31037	35973	48404	2200412
unmethyl_nonperi	maize24	40665	30642	35543	47842	2174649
unmethyl_nonperi	maize25	39975	30080	34773	47093	2139290
unmethyl_nonperi	maize26	40868	31523	36364	47923	2164195
unmethyl_nonperi	maize27	39482	30847	35641	45992	2072792
unmethyl_nonperi	maize28	41132	31637	36632	48280	2175735
unmethyl_nonperi	maize29	41590	31974	37013	48821	2208395
unmethyl_nonperi	maize30	42639	32548	37755	50108	2272231
unmethyl_nonperi	maize31	41941	32260	37352	49154	2224599
unmethyl_nonperi	maize32	39006	30587	35141	45599	2066401
unmethyl_nonperi	maize33	39691	30154	34843	46749	2125811
unmethyl_nonperi	maize34	38328	29182	33756	45110	2047628
unmethyl_nonperi	maize35	37437	28424	33024	44073	1992420
unmethyl_nonperi	maize36	38386	28786	33326	45052	2048331
unmethyl_nonperi	maize37	38125	30008	34503	44585	2009417
unmethyl_nonperi	maize38	35268	28026	32266	41080	1853865
unmethyl_nonperi	maize39	36727	29156	33555	42983	1943236
unmethyl_nonperi	maize40	38185	28382	32803	44847	2042338
unmethyl_nonperi	maize41	37213	29420	33917	43269	1954840
unmethyl_nonperi	maize42	38054	28893	33525	44822	2034996
unmethyl_nonperi	maize43	41639	31866	36927	48853	2219540
unmethyl_nonperi	maize44	37699	28717	33172	44556	2022800
unmethyl_nonperi	maize45	38286	28722	33125	45220	2045118
unmethyl_nonperi	maize46	37539	28339	32858	44322	2009963
unmethyl_nonperi	maize47	37940	29227	33640	44615	2021049
unmethyl_nonperi	maize48	38400	28817	33369	45270	2054925
unmethyl_nonperi	maize49	39158	29500	34301	45993	2095124
unmethyl_nonperi	maize50	38131	28651	33349	45081	2043838
unmethyl_nonperi	maize51	39172	29985	34782	46007	2076502
unmethyl_nonperi	maize52	41163	31542	36494	48217	2185435
unmethyl_nonperi	maize53	39309	29763	34521	46162	2096802
unmethyl_nonperi	maize54	39937	30344	35105	46974	2133799
unmethyl_nonperi	maize55	38865	29119	33680	45498	2070114
unmethyl_nonperi	maize56	39291	29867	34598	46013	2093295
unmethyl_nonperi	maize57	36153	27479	31859	42744	1938359
unmethyl_nonperi	maize58	41502	31902	36886	48708	2208699
unmethyl_nonperi	maize59	41238	31601	36608	48461	2201640
unmethyl_nonperi	maize60	38572	30133	34819	45264	2043263
unmethyl_nonperi	maize61	42517	32629	37707	49958	2266986
unmethyl_nonperi	maize62	34374	27829	32113	40028	1789057
unmethyl_nonperi	maize63	39420	30834	35542	46135	2077973
unmethyl_nonperi	maize64	38705	30413	35000	45393	2044231
unmethyl_nonperi	maize65	40251	31257	36098	47027	2130966
unmethyl_nonperi	maize66	38587	30271	35023	45016	2035672
unmethyl_nonperi	maize67	41251	32012	36902	48440	2193655
unmethyl_nonperi	maize68	35376	28354	32620	41188	1841138
unmethyl_nonperi	maize69	34637	28165	32201	40219	1796988
unmethyl_nonperi	maize70	43237	33123	38306	50881	2308301
unmethyl_nonperi	maize71	38564	30359	34986	45102	2036075
unmethyl_nonperi	maize72	38824	29511	34225	45697	2074431
unmethyl_nonperi	maize73	40059	31310	36047	46694	2115627
unmethyl_nonperi	maize74	33382	25577	29636	39173	1747503
unmethyl_nonperi	maize75	36540	28018	32187	42732	1924953
unmethyl_nonperi	maize76	40151	30598	35348	47261	2139662
unmethyl_nonperi	maize77	39081	29952	34358	45823	2078443
unmethyl_nonperi	maize78	39319	29951	34590	46206	2090556
unmethyl_nonperi	maize79	40147	30649	35196	47117	2135403
unmethyl_nonperi	maize80	40288	30778	35598	47280	2146456
unmethyl_nonperi	maize81	39217	30005	34570	45768	2080559
unmethyl_nonperi	maize82	33442	25294	29303	39087	1771218
unmethyl_nonperi	maize83	33085	24928	28798	38494	1751407
unmethyl_nonperi	maize84	39835	30303	34859	46694	2114831
unmethyl_nonperi	maize85	36347	28003	32151	42419	1913127
unmethyl_nonperi	maize86	37036	28363	32784	43255	1955120
unmethyl_nonperi	maize87	40724	30890	35712	47669	2166206
unmethyl_nonperi	maize88	39222	29794	34465	46078	2082393
unmethyl_nonperi	maize89	38838	29541	34092	45448	2057564
unmethyl_nonperi	maize90	38466	29199	33820	45134	2049895
unmethyl_nonperi	maize91	40097	31180	36096	46763	2124549
unmethyl_nonperi	maize92	35829	28301	32574	41771	1882285
unmethyl_nonperi	maize93	35979	27006	31480	42560	1931204
unmethyl_nonperi	maize94	37931	29042	33659	44635	2017825
unmethyl_nonperi	maize95	38807	29398	33986	45389	2069545
unmethyl_nonperi	maize96	39238	29152	33942	46275	2105923
unmethyl_nonperi	maize97	38081	29219	33714	44720	2022517
unmethyl_nonperi	maize98	38058	29118	33635	44510	2019514
unmethyl_nonperi	maize99	42215	32095	37172	49564	2249451
unmethyl_nonperi	maize100	42975	32834	37942	50444	2291857
methyl_genic	maize1	14892	14428	15786	17124	481287
methyl_genic	maize2	15219	14647	16082	17477	492367
methyl_genic	maize3	15302	14485	15870	17526	494514
methyl_genic	maize4	15358	14532	15921	17528	495205
methyl_genic	maize5	14951	14098	15471	17077	482630
methyl_genic	maize6	15180	14250	15781	17401	490961
methyl_genic	maize7	15008	14047	15665	17234	484777
methyl_genic	maize8	15269	14386	15811	17529	493456
methyl_genic	maize9	14970	14152	15591	17121	483999
methyl_genic	maize10	15491	14628	16136	17770	500014
methyl_genic	maize11	15346	14555	16003	17596	495041
methyl_genic	maize12	15088	14265	15773	17351	489730
methyl_genic	maize13	15292	14412	15925	17429	493530
methyl_genic	maize14	15051	14182	15631	17250	488374
methyl_genic	maize15	15159	14319	15783	17396	491851
methyl_genic	maize16	14974	14154	15534	17144	484689
methyl_genic	maize17	15177	14305	15842	17357	491003
methyl_genic	maize18	14952	14046	15506	17165	482765
methyl_genic	maize19	15026	14143	15496	17260	487086
methyl_genic	maize20	15276	14325	15801	17485	492635
methyl_genic	maize21	15236	14393	15844	17409	491190
methyl_genic	maize22	14925	14063	15522	17120	482353
methyl_genic	maize23	15136	14203	15729	17354	489184
methyl_genic	maize24	15062	14202	15662	17210	486137
methyl_genic	maize25	14952	14087	15427	17196	484105
methyl_genic	maize26	15196	14498	16003	17468	489703
methyl_genic	maize27	15073	14569	16012	17247	482338
methyl_genic	maize28	15325	14631	16152	17593	493149
methyl_genic	maize29	15450	14727	16171	17683	497239
methyl_genic	maize30	15569	14762	16284	17798	500270
methyl_genic	maize31	15512	14863	16331	17766	500078
methyl_genic	maize32	14538	13965	15354	16631	468641
methyl_genic	maize33	14754	13933	15348	16966	477656
methyl_genic	maize34	14364	13653	15060	16488	464882
methyl_genic	maize35	14450	13876	15163	16538	466170
methyl_genic	maize36	14006	13192	14466	16067	454866
methyl_genic	maize37	14295	13821	15161	16401	461704
methyl_genic	maize38	13279	12836	14005	15155	425142
methyl_genic	maize39	13948	13436	14768	15979	449003
methyl_genic	maize40	14085	13130	14455	16145	455477
methyl_genic	maize41	14157	13640	15028	16180	455065
methyl_genic	maize42	14306	13422	14893	16317	458483
methyl_genic	maize43	15207	14449	15887	17370	490219
methyl_genic	maize44	14411	13686	15064	16510	465404
methyl_genic	maize45	14174	13348	14630	16217	458863
methyl_genic	maize46	14037	13215	14571	16042	453414
methyl_genic	maize47	14600	14031	15391	16759	471269
methyl_genic	maize48	14148	13285	14682	16207	457060
methyl_genic	maize49	14656	13875	15269	16738	472574
methyl_genic	maize50	14475	13699	15144	16602	467651
methyl_genic	maize51	14497	13734	15087	16509	466072
methyl_genic	maize52	14963	14272	15699	17195	483660
methyl_genic	maize53	14755	13945	15385	16888	476271
methyl_genic	maize54	14836	14099	15516	17072	479643
methyl_genic	maize55	14416	13464	14830	16417	463984
methyl_genic	maize56	14728	13987	15411	16935	476400
methyl_genic	maize57	13661	12926	14253	15729	440910
methyl_genic	maize58	15167	14382	15886	17421	490195
methyl_genic	maize59	14962	14267	15661	17083	484672
methyl_genic	maize60	14401	13930	15302	16548	465032
methyl_genic	maize61	15482	14723	16232	17745	499982
methyl_genic	maize62	13634	13242	14597	15591	434536
methyl_genic	maize63	14907	14267	15743	17002	478125
methyl_genic	maize64	14598	14053	15469	16659	468708
methyl_genic	maize65	14799	14242	15645	17027	477574
methyl_genic	maize66	14630	14117	15517	16785	471314
methyl_genic	maize67	15249	14658	16063	17545	492890
methyl_genic	maize68	13791	13447	14706	15891	442207
methyl_genic	maize69	13695	13401	14745	15730	435770
methyl_genic	maize70	15764	14999	16565	18060	509472
methyl_genic	maize71	14663	14077	15523	16786	473039
methyl_genic	maize72	14500	13848	15135	16657	469356
methyl_genic	maize73	14906	14445	15846	17053	482684
methyl_genic	maize74	13167	12532	13726	15165	422370
methyl_genic	maize75	13922	13324	14484	15981	449570
methyl_genic	maize76	14823	14073	15447	17036	477570
methyl_genic	maize77	14452	13766	15157	16537	466977
methyl_genic	maize78	14550	13856	15143	16762	470868
methyl_genic	maize79	14958	14063	15469	17148	481305
methyl_genic	maize80	14874	14124	15586	17056	481119
methyl_genic	maize81	14538	13858	15175	16716	469149
methyl_genic	maize82	12555	11806	13121	14482	403253
methyl_genic	maize83	12146	11490	12515	13967	391294
methyl_genic	maize84	14408	13667	14945	16558	464313
methyl_genic	maize85	13871	13084	14446	15851	443120
methyl_genic	maize86	14004	13332	14668	16081	449792
methyl_genic	maize87	15011	14221	15613	17233	486183
methyl_genic	maize88	14702	13853	15267	16872	472755
methyl_genic	maize89	14607	13802	15152	16705	469521
methyl_genic	maize90	14328	13667	14965	16529	465465
methyl_genic	maize91	14811	14246	15708	16941	481629
methyl_genic	maize92	13286	12902	14102	15269	426127
methyl_genic	maize93	13372	12790	13951	15215	433484
methyl_genic	maize94	14560	13919	15301	16730	468880
methyl_genic	maize95	14609	13844	15206	16673	470866
methyl_genic	maize96	14902	14064	15469	17039	482191
methyl_genic	maize97	14473	13845	15217	16587	466807
methyl_genic	maize98	14541	13948	15261	16691	469452
methyl_genic	maize99	15488	14718	16191	17727	498930
methyl_genic	maize100	15647	14880	16409	17981	506614
methyl_nongenic	maize1	118965	116217	149071	151116	3688845
methyl_nongenic	maize2	119638	116543	149685	152671	3722754
methyl_nongenic	maize3	119799	115123	148045	152625	3721313
methyl_nongenic	maize4	120402	116049	148717	153148	3740718
methyl_nongenic	maize5	116858	112364	144696	148999	3638847
methyl_nongenic	maize6	118606	114334	146868	151302	3696154
methyl_nongenic	maize7	117548	113114	145549	149859	3660462
methyl_nongenic	maize8	118948	114433	147256	151865	3702432
methyl_nongenic	maize9	115215	110794	141979	146531	3577619
methyl_nongenic	maize10	121481	117290	150619	154547	3773068
methyl_nongenic	maize11	120586	116539	149589	153548	3743444
methyl_nongenic	maize12	118693	114446	147261	151182	3693020
methyl_nongenic	maize13	118598	114419	146937	151162	3687962
methyl_nongenic	maize14	118576	113907	146524	150841	3687275
methyl_nongenic	maize15	120011	115464	148229	152844	3732060
methyl_nongenic	maize16	116807	112462	144767	149307	3644119
methyl_nongenic	maize17	119080	114523	146949	151545	3704400
methyl_nongenic	maize18	116014	111161	142913	147554	3608670
methyl_nongenic	maize19	117744	113013	144847	149311	3660759
methyl_nongenic	maize20	120096	115475	148415	152793	3735753
methyl_nongenic	maize21	119446	115245	148060	152091	3717311
methyl_nongenic	maize22	116932	112320	144106	148766	3633498
methyl_nongenic	maize23	118410	113622	146087	150291	3679400
methyl_nongenic	maize24	117044	112675	144745	149066	3638244
methyl_nongenic	maize25	117495	112867	144808	149372	3645697
methyl_nongenic	maize26	118686	115114	147611	151045	3676802
methyl_nongenic	maize27	120952	118166	151531	153874	3730719
methyl_nongenic	maize28	119697	116047	148865	152280	3704827
methyl_nongenic	maize29	120006	116448	149443	152725	3725807
methyl_nongenic	maize30	122077	118010	151322	155339	3788187
methyl_nongenic	maize31	121891	118348	152035	155242	3780739
methyl_nongenic	maize32	113726	110739	142046	144600	3528417
methyl_nongenic	maize33	116095	112234	144244	147770	3613321
methyl_nongenic	maize34	113604	109726	140513	144059	3521114
methyl_nongenic	maize35	112938	109671	140876	143766	3499558
methyl_nongenic	maize36	112412	108250	139075	143161	3492670
methyl_nongenic	maize37	111902	109333	140315	142009	3469865
methyl_nongenic	maize38	102191	100428	128970	129758	3165537
methyl_nongenic	maize39	108153	106265	136425	137807	3360871
methyl_nongenic	maize40	110604	105682	135453	140964	3438440
methyl_nongenic	maize41	110128	107917	138400	140405	3414318
methyl_nongenic	maize42	114209	110242	141041	145052	3537096
methyl_nongenic	maize43	118809	114535	146999	151282	3697708
methyl_nongenic	maize44	113930	110366	141564	144817	3535900
methyl_nongenic	maize45	112451	108026	138317	142907	3489096
methyl_nongenic	maize46	111516	107392	137810	141724	3454972
methyl_nongenic	maize47	115185	111782	143429	146348	3560594
methyl_nongenic	maize48	110825	106578	136741	141107	3448003
methyl_nongenic	maize49	117167	112902	145098	148786	3638992
methyl_nongenic	maize50	114264	110292	141394	145423	3547089
methyl_nongenic	maize51	114708	110726	142158	145717	3548152
methyl_nongenic	maize52	117200	113086	145412	149090	3643719
methyl_nongenic	maize53	115781	111793	143537	147368	3595231
methyl_nongenic	maize54	116682	112420	144238	148378	3619549
methyl_nongenic	maize55	112912	108781	139419	143819	3511410
methyl_nongenic	maize56	116296	112477	144416	148112	3610981
methyl_nongenic	maize57	110342	106887	137413	140478	3423385
methyl_nongenic	maize58	119014	115044	147751	151431	3698354
methyl_nongenic	maize59	115573	111692	143930	147609	3620780
methyl_nongenic	maize60	112258	109689	140737	142743	3479739
methyl_nongenic	maize61	121540	117465	150603	154798	3778248
methyl_nongenic	maize62	106639	104904	135017	135657	3282113
methyl_nongenic	maize63	116716	113934	146374	148546	3614336
methyl_nongenic	maize64	114551	111906	143726	145922	3546904
methyl_nongenic	maize65	115879	112532	144218	147039	3590878
methyl_nongenic	maize66	114776	112142	143960	146087	3552356
methyl_nongenic	maize67	120178	116544	149565	153041	3730507
methyl_nongenic	maize68	108207	106330	136821	137401	3329568
methyl_nongenic	maize69	106781	106168	135979	135543	3286260
methyl_nongenic	maize70	123445	119349	153400	157165	3843524
methyl_nongenic	maize71	115294	112426	144358	146179	3568790
methyl_nongenic	maize72	114308	110797	142066	145554	3553524
methyl_nongenic	maize73	115633	113667	145614	147436	3609793
methyl_nongenic	maize74	95229	91908	118549	122062	2964019
methyl_nongenic	maize75	105475	101355	130219	134384	3273273
methyl_nongenic	maize76	109522	105052	135351	139702	3412110
methyl_nongenic	maize77	106319	102326	131971	136243	3326748
methyl_nongenic	maize78	109384	105072	134655	139313	3399925
methyl_nongenic	maize79	107278	102508	132277	136989	3347828
methyl_nongenic	maize80	110914	106569	136638	141496	3453946
methyl_nongenic	maize81	108664	104591	134345	138491	3378797
methyl_nongenic	maize82	92689	88801	114995	118401	2878944
methyl_nongenic	maize83	86685	83219	107686	111267	2715059
methyl_nongenic	maize84	103429	98823	127594	132658	3250249
methyl_nongenic	maize85	99945	96278	123642	127643	3100126
methyl_nongenic	maize86	102912	98930	127525	131305	3194383
methyl_nongenic	maize87	108889	104598	135184	139337	3420805
methyl_nongenic	maize88	108494	104065	134041	138715	3384992
methyl_nongenic	maize89	105825	101474	131026	135255	3299033
methyl_nongenic	maize90	107882	103806	133087	137492	3361293
methyl_nongenic	maize91	116596	114051	146452	148849	3643418
methyl_nongenic	maize92	99165	97088	124212	126078	3088622
methyl_nongenic	maize93	107689	103846	133257	137114	3348099
methyl_nongenic	maize94	116278	113070	144859	147830	3599573
methyl_nongenic	maize95	115287	111184	142753	146655	3571519
methyl_nongenic	maize96	117304	112726	144746	149399	3648032
methyl_nongenic	maize97	113789	110593	141956	144616	3523081
methyl_nongenic	maize98	114913	111413	143017	146104	3553058
methyl_nongenic	maize99	122205	118265	151506	155509	3797253
methyl_nongenic	maize100	122982	118870	152443	156222	3828907
unmethyl_genic	maize1	19092	15738	17177	21485	953133
unmethyl_genic	maize2	19583	15932	17496	22016	977907
unmethyl_genic	maize3	19609	15608	17108	22075	985195
unmethyl_genic	maize4	19642	15693	17288	22118	986660
unmethyl_genic	maize5	19002	15074	16659	21473	960474
unmethyl_genic	maize6	19571	15530	17027	21951	980163
unmethyl_genic	maize7	19226	15233	16789	21659	967476
unmethyl_genic	maize8	19564	15610	17142	22069	984419
unmethyl_genic	maize9	19185	15263	16776	21665	964215
unmethyl_genic	maize10	19749	15868	17408	22213	992874
unmethyl_genic	maize11	19598	15689	17294	22066	983957
unmethyl_genic	maize12	19382	15455	16909	21851	975110
unmethyl_genic	maize13	19486	15637	17122	22017	981491
unmethyl_genic	maize14	19260	15308	16725	21588	969502
unmethyl_genic	maize15	19458	15434	16909	21874	978459
unmethyl_genic	maize16	19226	15336	16763	21652	966713
unmethyl_genic	maize17	19431	15418	16942	21864	977694
unmethyl_genic	maize18	19119	15128	16597	21473	961271
unmethyl_genic	maize19	19243	15262	16689	21646	971950
unmethyl_genic	maize20	19545	15512	16992	21963	982151
unmethyl_genic	maize21	19443	15456	16973	21860	976776
unmethyl_genic	maize22	19118	15194	16702	21502	963070
unmethyl_genic	maize23	19347	15384	16851	21800	974130
unmethyl_genic	maize24	19249	15269	16784	21650	968349
unmethyl_genic	maize25	19054	15021	16436	21448	957841
unmethyl_genic	maize26	19422	15720	17287	21749	968487
unmethyl_genic	maize27	18825	15434	16958	21066	932207
unmethyl_genic	maize28	19559	15894	17466	22064	978584
unmethyl_genic	maize29	19745	15956	17569	22253	988391
unmethyl_genic	maize30	19994	16113	17720	22489	1002462
unmethyl_genic	maize31	19900	16078	17683	22299	993755
unmethyl_genic	maize32	18684	15375	16861	20811	930430
unmethyl_genic	maize33	18805	15069	16464	21162	945928
unmethyl_genic	maize34	18048	14495	15914	20442	911077
unmethyl_genic	maize35	17846	14294	15728	20203	894980
unmethyl_genic	maize36	17940	14165	15627	20203	904664
unmethyl_genic	maize37	18357	15175	16556	20680	913007
unmethyl_genic	maize38	17149	14313	15609	19223	850409
unmethyl_genic	maize39	17906	14756	16237	19999	888398
unmethyl_genic	maize40	17871	14000	15298	20098	901048
unmethyl_genic	maize41	17994	14977	16446	20250	894634
unmethyl_genic	maize42	17908	14363	15806	20176	901953
unmethyl_genic	maize43	19661	15887	17466	22124	986011
unmethyl_genic	maize44	17760	14154	15560	20145	898109
unmethyl_genic	maize45	17993	14204	15584	20377	907747
unmethyl_genic	maize46	17781	14161	15566	20095	895812
unmethyl_genic	maize47	18158	14648	15996	20368	908908
unmethyl_genic	maize48	18031	14230	15663	20380	909066
unmethyl_genic	maize49	18364	14628	16141	20659	925022
unmethyl_genic	maize50	17710	14027	15442	20054	899632
unmethyl_genic	maize51	18488	14884	16385	20711	922073
unmethyl_genic	maize52	19505	15713	17275	21888	972953
unmethyl_genic	maize53	18637	14918	16409	20887	935699
unmethyl_genic	maize54	18839	15116	16532	21210	949122
unmethyl_genic	maize55	18246	14453	15803	20484	918149
unmethyl_genic	maize56	18610	15012	16498	20967	936876
unmethyl_genic	maize57	16884	13619	14832	19140	854434
unmethyl_genic	maize58	19617	15868	17400	22083	982668
unmethyl_genic	maize59	19515	15785	17315	21884	979437
unmethyl_genic	maize60	18459	15208	16638	20702	920960
unmethyl_genic	maize61	20034	16181	17785	22503	1004721
unmethyl_genic	maize62	16944	14361	15796	18979	833783
unmethyl_genic	maize63	18952	15572	16998	21172	939342
unmethyl_genic	maize64	18569	15345	16811	20873	923906
unmethyl_genic	maize65	19197	15650	17157	21484	953926
unmethyl_genic	maize66	18666	15316	16832	20808	924091
unmethyl_genic	maize67	19594	15979	17530	22086	979857
unmethyl_genic	maize68	17278	14495	15980	19342	852676
unmethyl_genic	maize69	17025	14431	15795	18994	835026
unmethyl_genic	maize70	20355	16390	18039	22906	1021298
unmethyl_genic	maize71	18665	15381	16893	21019	931422
unmethyl_genic	maize72	18435	14822	16305	20772	927201
unmethyl_genic	maize73	19195	15754	17294	21509	956634
unmethyl_genic	maize74	16699	13530	14823	18805	825807
unmethyl_genic	maize75	17787	14262	15614	19870	882807
unmethyl_genic	maize76	19298	15481	16906	21679	964788
unmethyl_genic	maize77	18741	15138	16565	21100	940962
unmethyl_genic	maize78	18991	15199	16722	21243	947519
unmethyl_genic	maize79	19494	15677	17089	21868	973923
unmethyl_genic	maize80	19355	15569	17166	21727	969985
unmethyl_genic	maize81	18866	15256	16627	21073	942695
unmethyl_genic	maize82	16158	12890	14186	18066	805263
unmethyl_genic	maize83	15982	12724	13982	17833	797701
unmethyl_genic	maize84	19046	15307	16691	21446	952210
unmethyl_genic	maize85	17774	14441	15718	19979	881399
unmethyl_genic	maize86	17912	14452	15929	20087	889744
unmethyl_genic	maize87	19694	15802	17334	22099	985842
unmethyl_genic	maize88	18912	15060	16604	21242	945241
unmethyl_genic	maize89	18888	15141	16617	21183	943325
unmethyl_genic	maize90	18533	14850	16209	20829	930050
unmethyl_genic	maize91	19157	15670	17230	21477	959174
unmethyl_genic	maize92	17238	14318	15702	19355	854008
unmethyl_genic	maize93	16726	13260	14663	18964	846845
unmethyl_genic	maize94	17991	14557	16006	20287	902386
unmethyl_genic	maize95	18457	14706	16152	20585	925563
unmethyl_genic	maize96	18062	14068	15508	20493	921062
unmethyl_genic	maize97	18282	14755	16129	20489	911465
unmethyl_genic	maize98	18237	14692	16140	20380	911379
unmethyl_genic	maize99	19824	15865	17447	22292	993599
unmethyl_genic	maize100	20174	16198	17787	22678	1012530
unmethyl_nongenic	maize1	34770	26037	32558	43197	1942076
unmethyl_nongenic	maize2	35375	26450	33074	43997	1980047
unmethyl_nongenic	maize3	36080	26209	33071	45073	2037911
unmethyl_nongenic	maize4	36291	26425	33249	45351	2045936
unmethyl_nongenic	maize5	35253	25640	32260	44274	1996660
unmethyl_nongenic	maize6	35953	26146	32789	45009	2029558
unmethyl_nongenic	maize7	35661	25908	32531	44614	2016750
unmethyl_nongenic	maize8	36103	26157	32964	45035	2034836
unmethyl_nongenic	maize9	34750	25196	31682	43446	1961785
unmethyl_nongenic	maize10	36213	26421	33231	45305	2042302
unmethyl_nongenic	maize11	35950	26287	33071	44947	2028762
unmethyl_nongenic	maize12	35813	26012	32837	44693	2021772
unmethyl_nongenic	maize13	35623	25957	32686	44583	2015692
unmethyl_nongenic	maize14	35582	25885	32625	44654	2018059
unmethyl_nongenic	maize15	36184	26226	32984	45147	2042678
unmethyl_nongenic	maize16	35367	25746	32394	44333	1999692
unmethyl_nongenic	maize17	36104	26132	32970	45072	2033542
unmethyl_nongenic	maize18	35128	25451	32011	43881	1986769
unmethyl_nongenic	maize19	35672	25741	32543	44551	2017381
unmethyl_nongenic	maize20	36168	26266	32988	45143	2042232
unmethyl_nongenic	maize21	35954	26225	32975	45054	2035556
unmethyl_nongenic	maize22	35448	25642	32173	44288	1999470
unmethyl_nongenic	maize23	35871	26017	32771	44735	2022576
unmethyl_nongenic	maize24	35341	25680	32338	44131	1996015
unmethyl_nongenic	maize25	34824	25346	31826	43757	1973554
unmethyl_nongenic	maize26	35099	26023	32480	43613	1957152
unmethyl_nongenic	maize27	33971	25596	32019	41992	1880540
unmethyl_nongenic	maize28	35372	26177	32803	43978	1972782
unmethyl_nongenic	maize29	35827	26510	33198	44597	2006209
unmethyl_nongenic	maize30	37071	27209	34148	46240	2083863
unmethyl_nongenic	maize31	36193	26789	33598	45063	2024867
unmethyl_nongenic	maize32	33345	25067	31282	41393	1863304
unmethyl_nongenic	maize33	34561	25253	31706	43188	1955478
unmethyl_nongenic	maize34	33533	24431	30815	41787	1885173
unmethyl_nongenic	maize35	32388	23752	29886	40414	1821712
unmethyl_nongenic	maize36	33771	24414	30702	42075	1900598
unmethyl_nongenic	maize37	32509	24621	30697	40288	1807586
unmethyl_nongenic	maize38	29644	22656	28369	36797	1649406
unmethyl_nongenic	maize39	31185	23810	29770	38687	1741749
unmethyl_nongenic	maize40	33563	24119	30370	41895	1894205
unmethyl_nongenic	maize41	31570	23979	29887	38802	1746016
unmethyl_nongenic	maize42	33378	24307	30663	41707	1882582
unmethyl_nongenic	maize43	36112	26539	33332	44962	2033231
unmethyl_nongenic	maize44	33053	24301	30479	41418	1868056
unmethyl_nongenic	maize45	33588	24285	30411	41990	1891626
unmethyl_nongenic	maize46	32833	23847	30016	41278	1856564
unmethyl_nongenic	maize47	32890	24298	30452	41051	1846919
unmethyl_nongenic	maize48	33575	24283	30630	41999	1898216
unmethyl_nongenic	maize49	34368	24962	31448	42980	1942923
unmethyl_nongenic	maize50	33589	24408	30855	42098	1895509
unmethyl_nongenic	maize51	33962	25162	31469	42357	1902480
unmethyl_nongenic	maize52	35609	26256	32865	44288	1998932
unmethyl_nongenic	maize53	34191	24854	31238	42667	1924783
unmethyl_nongenic	maize54	34829	25394	31948	43426	1960710
unmethyl_nongenic	maize55	33958	24501	30823	42384	1910788
unmethyl_nongenic	maize56	34176	24940	31400	42490	1923406
unmethyl_nongenic	maize57	31951	23278	29385	40085	1804416
unmethyl_nongenic	maize58	35916	26562	33260	44716	2017348
unmethyl_nongenic	maize59	35592	26190	32992	44424	2007643
unmethyl_nongenic	maize60	32980	24720	30976	40926	1840329
unmethyl_nongenic	maize61	36883	27196	34104	46023	2077125
unmethyl_nongenic	maize62	28769	22468	27956	35510	1576388
unmethyl_nongenic	maize63	33652	25340	31663	41752	1872261
unmethyl_nongenic	maize64	33133	24982	31218	41148	1844582
unmethyl_nongenic	maize65	34583	25790	32285	42774	1931000
unmethyl_nongenic	maize66	32806	24855	31136	40714	1830482
unmethyl_nongenic	maize67	35530	26479	33136	44247	1995687
unmethyl_nongenic	maize68	29751	22909	28481	36622	1627277
unmethyl_nongenic	maize69	29003	22798	27985	35648	1580837
unmethyl_nongenic	maize70	37517	27634	34593	46844	2114158
unmethyl_nongenic	maize71	32875	24915	31221	40957	1833540
unmethyl_nongenic	maize72	33779	24601	31036	42191	1904807
unmethyl_nongenic	maize73	34236	25734	32103	42300	1905874
unmethyl_nongenic	maize74	27634	20404	25796	34547	1537537
unmethyl_nongenic	maize75	30958	22923	28652	38585	1727723
unmethyl_nongenic	maize76	34012	25005	31461	42756	1924598
unmethyl_nongenic	maize77	33109	24412	30362	41337	1867211
unmethyl_nongenic	maize78	33544	24552	30758	41962	1887852
unmethyl_nongenic	maize79	33788	24732	30912	42143	1908655
unmethyl_nongenic	maize80	34309	25166	31615	42854	1936655
unmethyl_nongenic	maize81	33461	24582	30773	41535	1876461
unmethyl_nongenic	maize82	28407	20648	26113	35231	1592260
unmethyl_nongenic	maize83	28009	20085	25319	34581	1567780
unmethyl_nongenic	maize84	33879	24640	30856	42037	1900902
unmethyl_nongenic	maize85	30416	22481	28086	37680	1697088
unmethyl_nongenic	maize86	31236	22957	28776	38690	1741289
unmethyl_nongenic	maize87	34444	25063	31558	42980	1946032
unmethyl_nongenic	maize88	33234	24323	30514	41475	1866356
unmethyl_nongenic	maize89	32746	23921	30045	40873	1845035
unmethyl_nongenic	maize90	32847	24015	30233	41066	1852283
unmethyl_nongenic	maize91	34490	25808	32371	42765	1927341
unmethyl_nongenic	maize92	30060	22845	28441	37241	1666863
unmethyl_nongenic	maize93	31917	23007	29157	40066	1803081
unmethyl_nongenic	maize94	33004	24334	30538	41246	1857253
unmethyl_nongenic	maize95	33828	24661	30921	42124	1902735
unmethyl_nongenic	maize96	34812	25053	31653	43441	1959920
unmethyl_nongenic	maize97	32763	24235	30447	40922	1844032
unmethyl_nongenic	maize98	32890	24233	30418	40982	1846947
unmethyl_nongenic	maize99	36731	26882	33810	45743	2067527
unmethyl_nongenic	maize100	37355	27517	34427	46553	2103277
